841
3877
9874
1526
8953
2784
9931
3332
941
1505
1848
7291
96
820
2698
5744
9037
1865
5039
146
9218
8722
81
6797
6976
9865
5530
12
447
2161
1174
1541
884
8760
1909
9471
4959
1031
3258
3323
9194
9653
2732
8209
5553
5789
4805
3860
4292
475
1116
9044
2063
4623
6085
8880
2413
3071
3691
14
5357
8410
2700
4995
8640
1436
3583
5243
8633
3361
3887
278
770
4718
4849
4707
4050
3386
5002
2145
9736
507
7397
1435
348
4167
5085
4640
8879
3678
548
7917
146
4084
1227
3978
2173
107
6299
968
4360
9102
7515
3936
8020
5007
8389
3497
3333
1086
5633
4401
1259
2543
1685
1533
3247
3505
4696
7540
3065
953
2652
4762
171
9947
689
661
4365
2441
8803
2500
803
796
4558
8335
2017
5566
6017
1254
1110
4555
4933
6999
6254
370
7924
4895
8999
3768
4840
2073
1081
4309
897
1557
3073
1032
1816
4269
2854
2520
3540
286
1447
6105
7886
2745
3495
9375
9514
7426
1348
7778
8518
2792
3648
3364
5412
860
6417
874
4578
1077
7152
7391
1239
1477
1593
1401
5698
1505
1143
4041
4669
6457
3710
235
2331
5454
6246
7515
4361
2205
3188
4452
7497
2316
7581
1189
2199
4085
2024
6233
5247
3999
1405
990
4273
591
7473
3344
9251
1507
5291
2028
746
3263
6410
8358
1969
3965
8009
158
3597
708
6215
570
9209
2668
4168
6293
2502
6435
1252
7413
3968
1624
7182
8003
2531
6188
78
431
3112
4702
5120
5115
4423
2752
2160
5622
794
3263
948
7747
6052
9216
4168
811
601
1769
4333
7920
2104
8098
5143
4093
7204
1421
114
2299
1952
6548
4202
5790
5151
4983
8116
486
3493
1619
1966
9919
705
8638
1927
883
8432
5187
4211
9791
6530
5930
3870
4491
3812
3053
985
3357
3626
7713
660
3286
4431
4766
4379
5065
7056
4306
2058
6123
3572
1115
5490
6230
5485
5318
7010
3121
4101
9944
5287
9184
2706
1698
65
929
5529
1717
9942
5040
1085
8940
5978
6890
707
774
4626
3396
5892
4576
3289
1305
292
9746
1393
849
522
9467
503
2792
4952
2085
78
8316
920
8895
419
410
3722
3652
7249
5051
5919
583
2136
6259
104
373
4246
1535
7234
3408
6005
5130
2738
4891
8216
8189
6760
5997
1876
2958
3595
2280
3237
687
8791
1019
8642
5924
1095
2771
4994
138
6881
7169
814
6080
4676
3888
15
2742
6793
888
1153
566
3188
3974
9720
6363
8321
1183
2598
3460
884
6137
459
9280
2907
1196
6141
1736
3329
1268
5631
3693
796
930
3501
1963
2994
788
7211
3456
6625
9158
2346
8896
2106
2609
3625
5698
2615
512
2213
3656
984
6704
445
1895
4784
3422
290
7798
6858
3396
5098
4152
5420
4212
5742
287
4364
3227
1537
2315
584
4550
1991
3375
62
582
1744
7241
7363
5477
3024
6076
8963
5982
8
9956
3006
1385
4479
8020
406
7016
9082
5652
252
3896
473
416
9757
9543
8090
7333
4496
9322
1933
4737
5976
2754
1507
9516
4286
1415
9358
468
6421
1953
363
2037
4750
7220
954
1704
3204
6130
2661
4285
1584
3850
9277
627
1904
2102
17
3660
8859
693
7732
74
4265
7380
6880
4533
1884
882
594
5369
5242
2240
3023
3639
4441
1340
6179
6605
7385
667
6869
6367
220
4448
6937
498
102
6661
1387
777
5531
81
9877
5251
5619
3300
1557
3866
2754
3484
4409
5616
3380
4095
5607
2085
6741
3018
4009
5569
5047
891
749
9320
6434
5819
1817
8925
1617
6508
5221
8956
567
3160
8528
1167
4848
6340
2994
388
1821
5454
5042
441
4857
4709
5668
8791
3304
5866
6066
5274
2205
5551
1408
1573
5619
2032
4847
2402
1390
1424
1066
2342
1284
955
4100
2178
5393
2463
5103
3431
5987
1892
1180
8845
6875
6281
2352
6537
8030
3034
7981
969
2317
2153
5141
4465
519
5618
202
1538
5080
6355
9609
1271
1534
1040
5670
8790
7569
128
1613
6937
208
8553
9565
462
6319
6388
7166
4305
5386
4784
212
1242
515
5960
5948
1639
9275
2125
3427
4835
8118
602
7307
5100
3882
2715
4635
8189
7774
2921
9349
129
1197
2461
8651
360
2278
3792
2294
4384
6389
8550
2695
3945
9424
154
9275
6015
7965
4086
5785
7166
904
5769
1855
2745
4572
7034
3482
2414
1093
9711
5176
6907
9583
491
2548
6995
3500
7913
2643
9878
9886
1656
3554
8628
1962
6031
112
1414
3984
2754
5304
1598
3244
1574
5735
9922
8627
252
2236
1670
9841
6200
2604
4123
991
1579
9289
5619
7147
2707
2675
9551
2977
576
1709
6510
2085
7886
3537
3525
4048
3288
9954
8312
4791
101
2424
3905
337
3908
4174
1434
528
6254
3472
5929
2211
3151
7443
6706
9065
9463
8264
6357
1537
3869
2647
4263
4341
8468
5436
1288
7985
7540
4209
6021
8391
2847
3353
8387
3775
1102
9077
7597
7286
3142
5018
4211
2529
6757
1930
5127
5226
4551
601
3309
67
3476
2391
7251
7127
6274
8149
940
1703
1300
337
541
2488
5056
4011
4682
6598
6548
3267
751
9714
3265
400
1602
2739
1035
3381
579
5948
2280
3963
162
2319
3156
2456
3151
5928
1896
5170
6242
2
3249
935
9779
5430
1974
601
5788
6938
8377
4528
1538
6420
4617
1020
6177
1145
8189
780
7849
2646
817
3450
3140
953
2372
6030
6484
7049
6340
9345
5385
5128
7362
2718
4727
6475
8337
3324
62
1854
8015
930
7862
912
9817
7383
4604
9460
9865
1720
3974
1193
5435
8336
5584
3768
3226
5876
2464
2338
2315
7526
9153
9058
4820
971
9533
4123
9095
5151
4336
2148
2534
1103
8363
3812
9067
476
6548
6952
745
6077
7903
6753
24
7384
279
7472
3205
1828
5156
6726
7435
5340
248
3649
5216
9144
5434
8437
2634
597
744
9685
827
2928
7900
4810
6347
8904
995
5671
8769
2349
2134
2510
6641
2791
3357
2495
4777
3743
1763
3491
198
6392
8450
1536
9637
8817
706
2527
4453
7043
3398
1292
7716
775
7028
4178
3850
5247
8524
830
4211
1057
2131
2352
5011
8341
384
6913
457
3565
797
2466
456
5978
8829
7327
9054
2824
4349
7215
6277
831
3011
4819
3045
9425
5362
4283
3292
7886
4302
1571
773
6335
8221
1303
3132
5453
9818
4328
2407
8952
9984
9700
1119
6604
6603
2180
1459
5568
633
7365
4019
1936
4195
1508
81
6688
1982
1818
4621
5925
8280
4509
296
7747
4629
8619
667
589
2794
362
4798
5564
9992
6733
7468
6167
2887
4685
7529
7352
7995
2462
9612
6512
2028
4777
8062
744
8821
4981
1475
385
2889
254
337
7280
6769
5539
864
4740
6108
4594
2047
925
709
2687
8900
6101
2626
2125
9606
1624
6705
3347
5315
4034
2725
7654
9494
435
4538
2849
370
7306
5539
7741
9955
2708
2041
7933
7806
1386
286
3123
5677
2863
6100
1735
809
5550
1022
3815
1475
1670
2918
2065
3787
9527
6850
7161
1153
7815
3599
2646
2194
1145
677
5898
4530
4018
3504
1755
1447
912
1514
1759
9058
8205
4856
3148
5802
4079
1557
2540
4845
5757
5944
28
3539
1280
7017
2318
5281
4044
6026
6569
5156
3916
5977
355
4373
4514
1384
6429
4793
7910
9533
9968
5231
785
596
5970
4066
4708
192
1128
5437
7621
8399
2069
3763
669
5838
2401
8338
4402
3377
4326
6977
4024
9176
1767
326
8295
3974
1183
50
5343
8912
9160
7683
5297
3912
8284
4309
3052
949
3494
1858
2566
5109
8023
4963
1258
54
7028
1591
1877
857
1139
6767
5043
7182
3787
1727
2644
7018
6917
196
1069
5406
6773
3119
2449
6930
976
3604
1519
5304
2329
7151
1444
256
2674
7605
824
899
2396
8677
543
69
6436
7379
5808
8350
2434
8520
1483
8432
5175
5486
2835
8221
391
2906
4916
2553
1783
8760
7046
8199
3555
2756
6079
3303
847
6364
300
6061
6810
5620
3396
8780
4773
7733
8498
1237
261
1049
2778
4244
1009
9084
1927
9911
2037
4278
926
4126
4331
1252
3539
4884
4311
3816
4541
5808
3332
930
2771
3092
4923
7112
5306
1414
4041
2525
8581
4694
1608
2419
7491
4959
1304
3184
594
5942
6460
5778
2347
37
2209
15
345
9812
3547
106
3586
9724
5527
7343
8387
6161
8337
3279
7939
5899
2345
5655
4437
3778
2193
6347
5112
1957
3813
5702
5416
10
9560
2363
4016
3312
6008
7879
864
3413
8626
4111
181
2067
103
7660
7713
6347
6721
9766
2641
6676
4307
3416
6952
7858
8358
9943
2868
3865
7457
2890
7886
9116
7520
3511
3739
6939
6361
4828
1635
9490
7834
3686
8667
9956
2909
2135
4822
8397
3691
7245
1499
7997
187
1653
916
3822
5718
3609
4866
5446
1010
3146
1795
1886
691
8475
5749
1056
9842
622
1906
3760
867
4763
4857
4276
5735
1229
168
1595
2080
3662
5334
9108
6254
4286
9156
7194
9036
5349
1188
6341
2365
1562
3458
3074
4498
1249
1741
619
1289
5819
2188
7564
2085
3159
141
5348
26
3400
6714
3088
4835
1080
651
1135
121
1167
6708
1013
2215
684
2517
2851
1590
6417
4974
2412
5341
1129
4261
8349
2424
4861
2354
5063
3086
834
6748
5873
6321
5501
2496
5469
6239
3948
2628
8278
2249
2913
9673
4773
688
1703
7301
3748
6347
8085
337
54
841
4093
4877
6385
3985
2190
3006
3260
4864
3239
811
6780
9159
3394
3936
6554
1426
4926
6594
3721
2280
5816
5015
3318
7952
5919
1332
7705
5745
8496
6955
837
3017
3073
3394
268
3896
7713
3237
9466
1018
4981
6889
2065
516
6757
4903
7756
1177
1376
5724
1644
7026
6265
6826
9430
1053
8347
5486
1183
2624
3230
3600
9012
62
4043
414
1871
5032
4411
3670
1721
1519
3529
4033
6091
4291
315
3622
6164
2170
5990
5461
4157
3964
6176
6090
6937
9416
2990
3390
6472
602
1252
2665
8947
6976
4271
8097
9805
495
6663
5151
7576
7788
3079
4450
3500
1706
378
470
1845
1896
7605
6709
6053
2632
1739
4577
7263
6527
814
2848
335
3390
1881
1914
2659
4131
1783
1259
3107
7812
8098
956
7167
9752
9827
2085
3957
7010
799
8643
5468
1167
4672
2744
68
8450
3290
1904
1492
8559
1923
2124
2994
3797
6392
2092
5936
1233
1347
2936
1334
418
912
2017
4356
605
3404
4344
4924
2837
6450
3730
3936
5233
2962
6140
1010
1135
1531
5311
2655
5517
3109
1757
6295
2615
319
9072
5341
5439
9247
376
4097
5704
634
9746
6642
4100
943
1918
5816
2301
8089
2996
5300
1084
6369
4982
6690
1587
977
639
3589
9765
139
6347
252
479
3462
1379
671
4682
6247
2245
2884
6623
3541
6151
4291
3438
8528
4278
2374
5724
6833
4431
4269
8651
7832
4512
2866
9380
1457
1463
5405
8555
5085
1831
9951
4566
7255
6785
5281
7654
604
5503
1574
2718
6340
8188
8893
2431
3437
9237
123
1016
4158
1015
4633
129
1089
5330
8999
6739
2619
379
5693
1756
9746
4102
8116
841
1852
5710
6268
978
5611
7871
56
3677
931
1420
1093
2841
2949
6628
7151
3004
2519
1958
7018
544
6463
957
804
3395
4691
919
9169
2478
6306
7251
4168
789
274
1512
1017
2876
6610
1073
3400
547
8382
7265
5114
6880
1080
7304
4914
4570
7792
9977
3892
8160
2384
130
5826
639
2932
2282
3412
2108
4293
6092
1772
3627
1467
5327
4546
6608
8221
180
1823
4622
4855
4723
5233
1775
6201
9746
6618
2560
623
5590
8191
6002
2058
3604
3986
5046
2266
1068
5265
5665
7365
656
389
893
1190
3838
6006
9422
2757
1714
1318
7433
8163
350
1787
5303
4055
3168
3576
5399
4555
9042
4807
1580
1894
6447
891
1456
5025
1481
5883
1422
4295
5037
383
6536
4818
1632
8725
3369
6753
1805
3921
458
1909
7565
99
8741
4464
3800
316
8223
3808
9606
1413
2145
371
815
3974
9311
7152
6893
398
4243
6027
5201
1719
5432
5272
7991
2595
776
8864
4583
7091
2126
1517
272
3029
3724
5719
768
6568
1121
2567
8885
6351
553
1580
6722
8875
2798
8618
6811
2323
3394
3130
4446
8329
3273
8152
4202
2743
269
1256
8945
7673
6116
6061
3138
2348
1167
950
3203
4468
3166
4578
3722
5670
2077
4820
7492
8742
2142
6313
507
8194
1235
5065
7112
4649
301
4611
3516
815
8203
4286
1547
6784
9684
3296
1539
3731
4023
3535
3310
775
9723
9017
3410
4452
2176
1973
8675
326
1473
5698
2083
9108
3158
1536
4186
303
856
383
1357
1985
8808
6017
2155
4351
5961
7912
1702
413
468
4013
237
9472
2841
9250
1713
3079
4479
1624
9000
2301
2687
3655
7504
415
1730
5105
3087
4550
5980
4731
9471
4004
3569
2926
1178
1998
7763
7749
5577
6264
3293
2881
1236
2180
5709
119
314
1764
9887
307
2904
9116
162
4060
3667
1112
2125
220
5461
6539
5065
2790
64
4820
3610
8154
4071
436
5063
741
3120
988
9612
2997
2254
2144
5406
2812
4864
5978
4164
553
133
8740
2476
2637
4061
9100
4008
471
9067
1513
4519
3279
4311
1194
7182
6847
2552
5623
9468
177
6859
2804
8223
637
8219
8767
5371
6191
9172
5556
6099
1414
7269
3689
4524
6122
3953
156
6198
3382
6499
7968
7506
1449
6943
9305
862
1716
3125
1322
7133
9809
568
501
837
5655
5735
7018
6580
1747
1906
3631
4791
2350
1506
5939
554
2917
7534
2831
6914
1325
1776
9889
8498
3190
5355
7162
4698
3905
3909
3241
534
9729
489
1648
7876
1208
3560
894
361
5978
1570
8472
2139
4297
9172
61
1981
5640
2331
9067
5637
5
8946
2169
6924
2705
8555
7918
1984
1505
5430
3121
3232
9937
1607
994
1075
2797
3692
6566
7754
2588
5248
85
1525
1711
317
1944
641
1406
8134
6256
6377
9965
9706
2364
1381
3930
1863
1710
166
1230
8111
134
4926
5109
9408
14
887
8358
9673
8582
11
7608
4084
9025
1782
8349
2942
1494
5258
9217
2779
1221
6731
1126
1762
1154
5297
161
6161
4615
2872
5950
2359
4297
1216
9305
5032
1093
9471
4676
3283
959
4513
363
7146
9412
6102
90
4083
1023
5491
644
202
3750
7965
1462
1541
3764
6257
9031
6370
7482
4325
3418
9810
2445
5356
3210
3728
8255
343
3896
3628
9669
3421
4711
1939
3365
5002
2935
2552
872
1414
7118
2181
1369
1480
1003
5385
3723
2286
1291
7705
7632
1919
6166
8655
8387
1272
5851
3390
6759
5772
6912
526
6651
5366
5971
442
3419
538
4300
4633
2029
6355
4387
2010
6017
2635
2929
3705
4296
8967
1138
6400
4287
4495
7886
9105
2180
6350
2713
5186
3703
4800
6632
1403
6236
1853
1029
8247
1195
5839
6354
1163
430
5188
1665
3580
5388
6292
7259
387
2227
835
2710
2630
6239
1792
9287
5472
1713
6913
1637
6055
7416
8470
3335
8993
9049
7245
4522
9748
1813
1408
5508
984
6347
1452
5410
759
1880
688
467
687
173
1064
8141
1432
5772
4605
5666
7579
1505
6347
1461
9591
5109
6077
182
8009
1513
405
989
8201
1194
7838
4107
4385
9490
6999
1754
4045
8531
4887
23
5568
5264
5162
2330
712
713
8645
8127
778
952
9275
2085
5711
162
3690
8933
2823
4052
2952
900
8689
1303
364
3277
3680
8814
5152
8384
2538
6539
3650
2392
271
2241
9117
1802
733
6258
1446
9923
2374
9177
2562
6421
4322
5220
876
9023
3365
3234
155
2862
4598
1082
607
1677
3481
4085
1820
8742
9011
5762
8260
2164
3843
4312
1546
7792
9134
3604
2992
1368
7792
973
930
5812
2673
3711
5203
535
1047
2689
4870
88
3014
5874
5474
4010
5143
5618
4952
1123
4859
728
3441
5396
8703
5607
4755
3718
801
3401
7490
1208
4834
7018
6888
8483
2042
1595
2583
3279
8520
3116
1170
8555
7369
650
1595
7309
8703
8031
3595
8895
5545
4546
3494
3359
7460
3285
826
4804
1297
5910
780
6022
4362
884
2414
1202
593
2583
3527
2120
2065
7650
1188
830
3905
5652
2159
2293
3636
310
1245
1192
1961
215
527
6264
1736
9421
7931
7204
7329
1263
1265
974
3527
4281
2522
8049
6269
1428
5047
3461
3092
3950
9304
808
1919
8528
6517
1451
5318
739
89
7332
274
585
5952
5322
1070
1113
3941
1442
1260
1551
3371
8342
7865
5002
4905
7309
2326
827
3099
2734
1876
3
6616
9850
2493
1983
2901
9443
2217
3635
1832
1580
3858
4213
1977
7857
9142
8178
9955
2215
40
4037
1740
4273
4787
6364
1916
3556
4527
681
820
1043
5454
7629
4048
5004
5518
293
8280
5251
4593
8741
8514
4359
1434
9189
7049
8387
2769
5766
7251
9214
4661
493
3410
3102
2523
1564
9965
2481
3155
477
8401
3905
7348
2374
399
4815
1069
1331
157
2545
6321
5389
2565
2036
937
1501
1650
3084
4701
3306
6667
5978
4205
2938
27
4511
6978
7194
5698
8443
2230
1954
501
142
838
5754
1234
9979
4700
7435
3138
6399
1646
8773
8969
3218
9942
8351
3420
2089
4102
1320
415
8165
5252
2741
1814
8119
1252
6535
640
2841
482
8327
108
5952
209
3709
1524
1116
3165
5254
9573
8044
2808
5247
240
5868
3383
1075
4031
702
3896
159
4044
7688
267
616
297
5671
1300
3127
3548
5346
1515
1104
2996
9639
2987
6201
7242
1441
5560
4879
2532
5277
3022
4444
6952
5906
1096
743
8046
624
616
4143
229
5146
3788
1008
1792
291
7526
5047
66
4171
3683
4829
3266
5203
817
7380
6
6496
1012
1822
3995
3353
1996
4956
4649
5036
4619
3876
2716
1728
6045
7995
2011
85
5063
6201
3427
3489
3896
5456
6835
1335
290
6330
8458
2004
9054
8223
636
1516
3244
3364
8342
2167
2013
469
1185
6803
8289
265
5118
3840
4461
3994
1487
669
5507
1885
4106
2499
1213
9897
2937
6297
3266
7913
6144
5003
3456
428
918
2951
1309
1614
4024
7532
6242
1126
2405
1715
1774
5112
2757
358
5530
5051
1355
8475
3289
3082
2799
753
4982
1682
34
572
6081
4023
1593
3872
2643
4651
5343
7406
1417
35
7310
3484
1673
732
595
6340
6676
7907
2651
5073
3642
5561
9560
1048
7754
6877
7185
4299
3414
601
2182
1349
1467
687
4224
2479
6379
4561
5681
8470
8464
4092
2524
1149
675
739
3395
2134
2215
839
9412
4734
3382
2497
9588
442
4619
3794
5849
6510
9551
6595
2788
8808
1253
3260
3279
4489
4988
4527
3330
3707
9447
1133
1783
30
6098
3574
9649
7716
9375
1165
7590
3928
492
4594
3702
5505
3560
952
2351
5238
6171
9886
6119
268
4609
2891
6261
2728
6992
9147
1629
2773
5329
1455
6950
88
520
5830
9369
1107
1030
609
1149
7702
606
481
1582
1494
6205
886
2367
2877
2494
4613
5762
4827
3640
9669
509
8025
2039
2203
2673
978
2259
9438
1096
6767
3295
3849
395
2297
5258
384
9367
6950
9629
7423
1032
8720
3244
4981
7097
2976
267
4747
1994
4347
3491
2731
7152
9825
2834
4520
3156
6724
5941
1798
9067
3332
205
7096
45
2939
1964
8625
6652
6156
9708
4735
6532
4650
3949
1111
5586
1619
6976
8520
553
685
5195
2287
3207
4813
2270
3149
266
3698
6588
727
2958
3486
4772
8432
5483
5247
4627
2204
71
2642
7062
6997
7867
185
3589
1858
2092
7205
4799
1683
4141
4175
7515
3843
1106
1246
5097
8014
2853
673
1418
1624
2281
4181
4863
4690
7909
5561
5551
4053
3061
411
7314
3554
5335
3988
3144
5675
78
249
9787
235
7105
3950
2006
109
9116
2426
1583
3843
6030
7188
217
6452
1551
3001
2681
2378
6539
598
1640
412
9715
6942
9090
3450
5432
1398
8208
9548
1092
8185
48
470
5127
5153
313
1543
3285
6976
7449
2374
3248
9331
4495
6154
4344
1749
6002
8085
3308
2833
4924
4385
3616
76
94
4175
1362
495
7500
5578
6684
3080
303
9379
842
9117
7383
2353
902
3332
7418
4109
8300
385
6957
2284
5906
1674
2635
5535
4849
1328
3745
1577
3471
4650
2920
5145
7489
1285
6701
7933
2069
7158
6125
8978
7539
8991
1063
1791
443
4574
264
603
1164
5721
3636
1826
3027
4464
6329
3850
18
7707
982
8707
2884
1948
201
1475
5509
3744
8387
939
8014
1682
9428
2473
8212
4023
2393
3225
1397
2249
9071
5978
1987
158
273
8081
2546
8257
7761
4197
2419
590
48
1864
9289
3504
1987
262
6199
5906
7380
1127
2367
4944
7031
158
5509
158
5686
3651
6655
1637
1186
8963
5219
654
5525
1171
2012
5298
3180
2560
4888
2514
3600
599
4713
2155
6519
9499
3827
659
1183
3222
831
2902
6247
9445
396
7499
4094
9113
2276
3387
547
2311
5356
3975
635
7648
756
5781
161
7234
2590
3681
5376
1595
52
2978
5556
532
1536
5258
3866
4331
5957
3604
1480
1032
4689
6159
1582
497
2269
1538
5979
7985
6479
7092
3929
2790
7151
9336
6081
3434
2830
160
4060
885
2137
9768
2790
8979
6740
905
5078
8289
1352
1693
6550
6422
9519
5218
7125
8358
6469
2560
4476
841
6930
2114
3098
7886
4216
4802
86
1030
2039
9237
769
677
1372
5072
7977
4304
362
6230
1603
1665
2541
4197
7612
522
1020
3023
3356
1290
2879
5906
3067
6507
1278
3224
6243
565
676
6431
2454
7459
591
5719
9860
2727
241
2857
3271
7507
1194
8505
3140
3100
2035
4588
6549
1532
5508
5047
3316
4964
1203
9972
2271
7144
4196
4307
4715
4932
2519
2842
5772
2956
8098
4792
5129
7997
5818
8755
6286
1930
2894
3598
1744
2814
1017
5766
9852
433
1139
5507
3292
2151
6999
6803
1059
5428
1697
8228
884
5148
5310
1061
6926
598
907
4833
3334
5878
7629
4944
573
2271
2598
9854
1754
5244
1948
3203
3540
9275
1526
1854
4190
8132
2760
5296
8240
1858
1762
7180
1191
6428
6347
6076
7265
9495
778
389
8808
2374
5702
1817
1888
7436
4084
2086
5093
3836
2639
5149
2674
440
254
4490
9218
6999
1154
9403
3551
3711
9672
8327
628
2836
8009
175
2745
4517
6211
838
1825
8871
80
9130
4291
3363
932
6069
3190
5094
911
1784
4636
3720
8191
4811
2896
1177
2089
8184
678
3524
5016
2992
3394
292
1547
1601
7282
6227
4398
173
6730
6691
5722
7835
45
5445
1572
1300
423
4544
2233
6569
88
194
7824
6316
3218
4419
6436
2083
7874
6935
8719
872
2605
5940
4936
1810
8804
8999
250
7334
4648
865
3603
6172
6435
3243
2572
5696
6674
8928
6408
1771
230
2505
499
947
4261
3084
147
4901
1862
1574
2491
6400
2312
4424
842
4094
4074
7850
1596
8387
6592
7973
2278
1567
9656
5248
352
1169
2306
6005
8909
3802
4825
9533
724
4855
2219
1523
1586
1399
5060
117
470
7173
2569
5978
1631
4348
4545
3897
587
858
8356
2582
1735
1621
2291
281
2221
1441
4607
5602
1076
7205
6624
7506
961
5294
2271
9142
9162
72
8689
3484
359
1212
4018
8994
2932
3636
4217
2820
8185
4624
5329
1386
9522
4023
490
7712
4228
7353
3290
5399
3769
1124
341
444
9335
1801
3830
2580
16
9327
322
31
7983
1327
5389
1161
2026
4974
5740
8742
3372
2800
333
1623
5984
712
8455
1853
4831
2745
6128
2259
662
56
8919
1423
2629
5566
2253
108
1985
818
3719
8223
918
403
5648
5170
2106
6017
5360
3284
645
5785
5127
7799
9146
3829
2645
3512
4400
5675
4927
750
3289
3445
7273
9103
3224
6043
9491
3894
1114
1029
1357
9312
3424
4080
436
6876
5912
8553
3079
5277
6912
3934
5456
7807
8791
7065
5465
5461
836
4078
7886
5112
8396
5876
7018
2995
718
6963
6446
4711
33
8782
6484
7781
3408
3128
7140
1175
630
2622
6792
8791
1614
1408
8446
2910
2241
3324
6033
169
2530
79
6357
1298
2885
781
6467
1931
6427
3661
7515
9572
7052
2714
6999
1769
956
6015
5185
6866
4791
7995
8351
6967
3102
29
6019
4652
2893
2289
7410
5760
3332
8429
5430
2381
6667
7939
2511
346
3708
3115
9102
8145
9659
3549
1620
1350
6684
3063
9943
8132
15
4337
2469
2740
631
8320
1117
8440
2992
6812
5264
2122
7698
1672
8911
3845
8780
4535
1050
9597
2059
8870
917
6105
70
6523
6668
283
3745
1321
4614
2285
4810
1801
5575
3124
3167
5627
3754
1243
4841
9683
5962
3835
9466
2840
1190
7838
1545
3300
9277
4375
4281
496
2827
2863
3793
2869
6889
5019
803
1073
2687
700
1391
2562
9874
4326
8061
1633
6940
5362
1318
6764
5278
2044
2989
3103
765
3161
9182
5938
653
466
8811
9284
5908
8208
8317
3860
7612
6637
2383
1615
1028
79
4094
1899
9331
3231
4778
6669
1068
6841
3762
9161
2318
4100
6539
796
2105
6873
9125
4418
6052
1778
581
2458
5934
1359
9141
4046
7296
5735
3823
2351
1198
3620
4342
4368
5511
936
9388
4220
3281
3746
3747
235
500
2296
514
7664
6422
704
5480
211
3339
2699
6221
3109
558
9249
6036
1502
5450
8589
2392
9660
3121
54
8330
5998
1551
5794
1353
392
2429
3604
531
1370
1089
3812
904
4973
7874
3079
1024
3578
9597
6913
8275
8582
3325
796
792
4221
1182
8995
4410
8596
2533
911
115
7747
143
581
7226
2105
615
9785
4532
1092
3128
6258
4459
8199
8562
510
3155
1594
6457
1158
667
9659
7332
3638
933
7716
59
1094
1074
1267
1547
3146
2026
2288
1985
9286
9592
3819
48
8397
6197
9796
2357
5032
9162
2745
6256
804
775
3973
3300
2880
1264
469
247
7590
5017
6300
5099
7896
526
3508
542
1450
2620
6542
4723
4816
1871
1186
7827
24
3059
2640
8530
1987
6683
5574
5471
4324
5262
2295
442
2631
50
586
5430
5833
8105
3696
6052
4430
6752
880
7564
7702
5662
1676
5070
5256
8553
1244
2057
5007
1774
6170
2391
1083
3516
190
1773
279
3651
3003
1883
2206
2349
3187
6749
7444
3272
6456
8098
3929
1838
3039
549
4298
9173
3486
2062
4401
3305
7597
8108
43
1794
220
9038
1498
7801
766
196
6548
8196
7904
8927
2039
4820
2544
4625
4379
3052
5699
6590
3484
4301
203
6138
7208
2592
1296
5539
6258
2112
4724
5686
5230
3520
4354
7605
6132
1030
7743
6004
2536
2358
2508
6117
1073
5544
5724
3226
3554
4050
587
2127
679
2394
8458
7210
2943
5761
7168
8875
127
6039
1020
5874
2336
1486
4617
3053
1872
775
3864
1925
215
6667
2759
1598
3172
5120
2680
421
4216
7710
975
7910
7513
2772
3750
6611
4841
5250
1990
1593
2171
5450
2092
3074
3632
7522
6943
7472
7321
2676
1448
517
4299
2795
5137
3023
3185
6620
1465
5112
8407
1458
1667
2001
4089
206
6058
6000
7965
5612
3442
1581
5581
4952
1505
1091
3636
7255
4526
964
509
4210
4402
2283
9658
7154
5675
7185
3109
1179
1101
2200
2128
562
131
6661
1841
938
1380
185
1157
2032
3603
3474
3149
8672
6791
642
4313
667
914
1433
5990
135
6933
235
2398
2394
2389
5579
9911
6212
2586
6764
3092
8045
328
5605
3800
4226
870
4703
5621
7054
5921
5539
942
6264
1898
9013
205
2929
231
8758
8670
7985
4454
6539
7145
6867
4871
3034
3969
2686
750
2081
3853
4216
7989
71
7931
9395
2709
1817
9322
3616
742
5978
1971
3170
1479
6785
9708
4792
5217
9180
1120
1417
4405
6476
815
6675
5256
2702
4144
913
9412
2945
210
4180
6074
2263
3655
6993
1054
775
6075
7605
7823
3614
1088
1991
1
8787
513
5327
1093
1484
4915
4135
138
2101
4501
6409
5700
137
5870
5811
6446
1561
1001
6231
1491
2861
1694
9370
5997
5965
5065
2550
3603
6290
6867
3441
8518
4566
1275
5636
4915
2166
696
9707
6863
2157
1298
3129
4719
7550
4743
7679
2202
1267
4374
2697
9805
4693
122
2640
5292
3673
5423
4762
2704
5303
3318
7365
4775
3667
5264
1651
4686
1463
6763
4785
2945
48
9007
2301
8066
7778
3786
9456
2817
2790
6889
2322
2093
9003
6653
699
2431
9102
9377
1333
8060
5476
374
7425
3912
6680
5061
4692
2106
8482
2735
6542
2447
3100
8885
1951
6487
7659
8062
5765
6428
3936
731
1027
4749
9265
7018
453
2045
9137
1503
6413
7444
1436
1341
1274
8007
1249
6623
1624
8042
5163
954
6367
1659
647
1663
3264
3227
7743
7992
210
327
6999
2944
683
5433
9332
3443
1731
8239
4165
4898
4866
3707
7149
2344
6769
2104
2489
1633
7715
4680
2220
4742
4084
2897
3085
4086
880
4551
6869
5136
859
4278
3196
2454
1781
8367
2175
657
5032
7918
454
2366
4373
3433
5109
4897
3578
1177
2464
483
7063
6010
1938
9807
2766
1519
5141
3149
255
5310
9992
3210
1299
4769
4661
7486
3098
1766
1587
6057
1388
7832
432
2404
553
265
2294
1938
6120
1301
5490
1849
2846
8062
726
7747
860
2358
3579
4298
8524
3701
948
3753
172
5873
529
3113
680
44
8996
6114
7375
516
5274
644
8583
7454
2225
2958
282
2048
5880
1459
6179
5638
6926
1429
1555
7278
294
9874
7606
8968
4605
575
2021
4923
2569
1097
6387
2359
3778
2617
4389
1683
2594
7526
1297
5871
7288
1300
9993
5874
9099
8116
5791
2908
1761
1065
8531
7019
48
6234
2960
5483
1130
649
1500
9392
1186
3215
3597
7140
764
1007
1552
3884
230
806
3316
2326
78
8241
528
2455
3033
5477
1230
7087
993
9954
1148
8999
4741
4761
698
9191
4635
7735
6855
39
4600
4200
1668
1956
4437
4917
1873
7194
6122
626
6834
3351
4211
7173
1569
2964
8622
8155
7886
5040
3657
2717
8726
1711
9764
5228
2143
9471
8999
6320
4541
5351
8402
3424
4399
2214
2180
6688
9624
8183
2734
844
629
722
3976
617
4498
4702
92
3086
1159
1900
1335
5118
2961
7148
5170
3362
8873
9455
207
5993
7100
5109
7521
3650
9919
4662
5045
845
783
5682
299
924
9861
7609
6836
496
3283
8791
8117
3132
5208
2684
4676
1540
3007
9145
525
6867
3264
6665
2232
666
7656
2468
2352
2754
1986
7166
4671
5744
283
618
1632
7920
399
4974
9141
1463
4903
28
6321
6598
954
429
211
496
9925
4183
687
7028
7182
2537
6439
3054
4959
1872
1890
9486
5623
4699
5959
1948
4988
851
2623
4527
3246
466
8966
711
1021
1099
9898
2374
9968
1510
2140
3896
3518
8911
1969
1330
4377
39
4299
1737
3643
832
2106
5524
8020
9807
3363
4602
7836
8926
6663
5610
7251
607
5696
1537
1360
8193
7535
402
1889
3050
3343
167
2478
5389
760
7270
47
963
48
9139
9333
8459
9109
1279
5288
8778
7515
6973
318
21
972
1649
8195
4766
1152
573
812
6440
1724
9831
4369
852
2354
6562
4976
4890
8878
2963
5515
5280
9286
5350
3318
2238
663
9308
483
9184
7490
9044
5078
337
4638
96
3952
2453
5757
5603
2109
7507
6888
5287
4216
9796
784
3369
3677
3252
2769
6362
1769
5109
8588
1993
981
3792
8363
1260
5774
8928
4123
375
7455
2251
7364
3804
3410
4231
5523
3322
5735
9424
6053
9810
4390
5163
5191
2559
2226
3902
1707
4944
2906
9095
3370
119
4822
8039
3170
5002
9867
815
3452
5078
137
5651
5663
5264
8960
7552
6595
7824
2490
2487
4755
8933
5670
8106
8688
325
8563
3737
9102
632
2464
3958
2442
2255
896
265
3947
6361
825
1567
4710
184
3301
1645
496
8657
9630
479
1408
2640
9865
2934
2077
2114
863
3457
1042
5762
1251
7746
4234
5060
1108
2294
1619
1293
6013
429
126
3032
3460
487
22
1579
918
5302
5114
1774
1845
1988
4197
6767
270
648
3633
5542
1749
1131
581
354
7
4247
4415
3344
8555
5673
6458
1170
4935
4165
5309
3725
7405
4373
1830
6549
393
87
640
4729
9196
186
8429
4480
7024
5092
2402
2593
7150
3783
8335
1313
3379
5084
7538
1000
248
6092
3431
510
6944
4711
5301
3131
2562
4214
2905
558
77
5470
441
656
6953
3054
1783
565
9984
2134
1652
4171
7306
2283
572
4604
3121
4170
3794
6239
3899
3026
6827
1861
4012
7979
728
5978
5877
2577
1669
4365
7794
2567
5503
2638
5876
6510
1396
8017
1168
9673
4898
2280
6418
3163
8075
1370
1018
2897
5226
3684
790
1155
2860
6001
1700
9424
4503
3920
1471
9764
6158
3869
5551
222
2984
6402
384
6291
2783
288
2432
4148
4232
3629
4826
1044
3110
2829
281
5274
1116
2974
4516
394
1901
6549
6970
1705
6799
6911
2645
6913
921
5754
6460
2984
9269
3885
8106
303
4952
6262
3020
2562
5952
4431
304
2205
3030
2504
4308
2598
4855
4622
276
1302
8058
1958
2420
6968
8303
4130
5314
4872
6943
5529
1276
8376
5
5822
8339
2010
246
605
5977
8322
3251
2923
8407
5866
6803
7145
531
381
5264
5311
7152
3941
8971
5762
4387
2871
2247
1445
226
3193
1698
4508
2303
2129
7245
7886
1858
8188
2686
3810
4855
4757
6496
3407
2366
8271
3132
1438
6634
3798
3490
2708
9689
9326
6497
2916
361
1174
1228
6447
4763
9157
270
1458
2333
3781
7373
474
347
4865
6160
4405
1242
9211
584
1142
4208
5390
791
1020
6184
5258
225
1974
9765
235
6166
4373
3282
3455
6355
185
5247
5067
3471
2574
2697
7300
6113
253
3553
5754
9083
7944
6239
334
2691
5365
6536
5833
6039
5070
8223
8579
1342
1109
3074
3375
2492
1277
6677
7820
7854
1139
5329
9764
5332
7175
5133
710
1003
1272
6427
2225
3266
804
1388
1574
4268
4573
6698
6466
2189
9681
3175
7019
1164
4962
703
7364
7148
2374
9612
1767
9808
708
5248
7697
871
4523
4707
3773
7152
1392
8004
3834
9786
588
6326
7885
143
2192
4775
1090
20
3218
2201
2701
1675
5599
4892
1882
2375
3735
245
337
5410
3585
4216
3758
2501
3608
2234
4411
6952
6677
6832
2851
2381
4301
8003
204
2842
3269
7013
2014
3284
8248
2999
126
3415
9984
5259
700
896
2845
5721
9761
8346
8835
25
6815
3453
8921
4953
953
85
2409
8517
616
173
5893
732
490
4686
821
8326
5310
1695
7237
3012
3537
2340
980
361
2369
6217
7682
57
4054
1354
6234
529
1604
6236
87
195
9794
918
805
7939
2087
5295
1403
829
4938
6549
3565
772
3965
4216
1737
2204
670
8729
2205
7878
3174
6814
2523
6752
5867
1126
7565
5470
2655
7168
569
5065
9956
5969
5813
963
7575
174
70
5463
2273
8420
1616
309
7448
778
3238
3220
7083
8968
8589
3611
2820
4805
1658
2032
2576
5887
2895
8414
1545
2239
9881
626
1400
382
5227
139
5175
6844
3157
6608
1186
3046
5611
284
4056
9419
4777
5586
235
2053
7979
3290
4527
2330
1199
1624
4836
8349
4782
5753
159
1197
2786
2417
6650
1981
4914
2645
1817
8834
1315
6023
6205
8540
1781
4078
2817
199
4251
5824
7820
3646
2984
8013
5249
305
5283
6473
331
9874
3513
27
625
281
5062
2852
4400
1172
1703
1642
1518
4924
5154
7744
3781
7293
9437
7482
529
1280
9067
1987
8037
8421
8652
9543
9137
433
3470
8777
7734
2368
1759
4090
437
6354
8164
4240
4042
7309
1137
9445
6764
339
8726
2900
4739
4087
848
913
3210
9387
2249
371
3704
631
5405
5874
479
2489
8987
7783
4068
1976
8413
5991
2325
2187
5088
2825
8228
7572
8811
2669
9153
3394
6593
7279
3125
5390
3661
3331
1970
2842
9351
3200
7481
3081
191
324
1401
2809
8254
3028
2497
4794
6044
5063
1078
928
8154
358
9983
1003
1404
3172
7597
7701
917
3920
6392
2901
4579
5627
4114
6310
518
4430
779
2222
5874
1125
4974
4730
3886
1496
1696
5120
7269
5241
1800
3617
7948
8212
7217
9844
7506
6034
3058
8447
869
1602
3040
667
3357
1453
966
1942
3689
7819
53
1312
1073
8447
2029
3105
479
6145
9100
5483
3515
4379
7690
1059
8147
3300
1427
9138
5848
5740
2032
5264
3592
1381
8421
6320
1693
4462
9857
5264
188
8302
3201
71
1160
7373
472
1842
5674
3182
3189
7336
2640
4358
3767
5570
6347
4837
638
1378
1062
1495
197
6451
5132
3380
1980
3069
4070
5978
3485
7903
6143
7498
7087
3567
620
1968
465
7629
4820
3453
5219
9801
9809
2405
2277
5460
1867
1067
4278
7591
6379
2696
2327
9793
7360
5041
8528
1209
3918
1212
7845
7725
6999
8366
6901
4605
553
362
7010
5088
6472
7674
5300
3547
3776
3146
8149
6815
4571
1374
2341
4302
2106
8061
1526
8898
9685
3492
9263
8155
917
3601
3163
4015
1020
5543
139
4289
4338
9407
8782
5355
5907
97
2144
336
41
2666
7490
136
1453
1639
2181
9085
4651
1856
5314
3075
7288
4025
6000
7165
6309
4436
1033
410
425
2599
2242
2818
2228
5036
3478
2793
2123
4118
1255
1976
2869
5640
4449
2113
2219
5661
1411
9340
9465
5552
2946
801
6776
5717
9329
4438
2015
946
6559
2620
5137
407
3916
5018
3526
2308
4974
8397
1125
4195
8321
507
6329
1069
1338
4542
736
3238
2557
4204
4888
2206
7792
446
3669
2768
3689
8098
508
8810
2804
523
9085
5092
8447
3728
1325
2622
5661
8722
7064
7150
3423
6718
8132
7515
64
714
1381
4697
2278
3432
7595
6199
480
4282
5698
8154
1453
151
5820
319
1134
2673
4649
8023
3458
239
2420
1963
6946
966
1258
1320
555
1836
6261
2392
4944
5557
9700
6341
6281
1026
1111
1561
512
1839
9424
39
4403
1061
5667
1471
4198
828
2958
2815
6684
4955
4620
1651
3300
2096
7885
2680
2684
3069
9606
9920
4622
3438
1624
6917
5503
3430
4614
7014
98
7631
677
2559
460
3559
7407
7022
6999
4684
4032
1975
5342
8796
51
2699
5304
3905
2776
8916
5802
8555
1387
1712
3512
1180
7778
4177
437
3712
24
2489
611
5703
3695
5638
7144
8414
183
5036
1984
1440
5013
2782
1775
5811
992
4675
4505
2600
5335
4243
4768
6374
7537
3967
7053
4456
2930
6913
4443
8491
5878
6119
1489
4938
1660
298
4830
5380
5391
5568
3543
6172
5805
1828
6542
5390
8920
8009
8473
4386
7673
6330
8624
2968
3896
7607
1273
5464
5798
8355
176
6695
5490
1519
4054
1439
2994
3390
2430
7515
8185
9533
738
4339
66
1024
5590
1576
2683
3090
205
9632
1375
1025
8526
578
9632
1585
7097
5735
233
1919
8139
4401
2391
3678
1351
3117
5070
7445
3604
855
8557
1598
9384
1153
3927
3684
840
4232
4010
6996
8653
5623
4565
4651
423
3319
5931
2411
2378
530
2718
1903
2403
7886
4188
3300
7860
1534
5653
8001
1593
8231
1300
1964
5210
583
3337
2318
1344
3514
9141
1008
5058
1943
3338
4211
1292
5529
5385
931
8021
5087
2895
4552
9122
8007
6055
861
7349
8532
690
5040
5272
4725
4649
8604
6616
6375
106
5173
525
1904
9067
1333
583
7895
279
958
6878
9184
5137
3790
5974
1556
3568
2603
120
557
932
9458
8844
4484
4686
1554
1261
1626
1557
1898
1840
2132
7325
2118
2716
2883
8939
81
9262
357
6363
7363
3398
2296
4608
5355
2607
266
9
5344
951
111
3506
841
4389
3192
2370
340
8905
5384
9827
8909
3653
4952
3571
7840
4443
7122
6614
6367
8720
6871
9775
8864
3711
2573
5948
9544
3746
1092
5173
613
4360
4094
7001
780
2951
2054
48
5996
972
4556
6495
3678
4209
4300
6865
7798
4512
5183
2438
3520
9471
1281
3484
8636
3313
263
1329
717
2939
3861
6060
9090
150
6010
685
2361
785
3636
5906
7600
8858
7330
224
6785
2215
819
1
1379
9711
704
2268
5483
380
6916
3139
384
7465
1190
6667
1250
5422
2368
6889
2300
7899
450
5115
9878
220
9275
4553
1879
8998
9289
4065
2115
9243
8004
506
6289
747
5608
5461
1718
8278
3076
3595
3352
2967
8112
1247
7614
7513
979
347
8447
4566
3233
8911
4117
9701
397
5875
1754
853
1887
5258
2072
7538
7985
6295
1363
9426
2801
1162
6329
1264
7365
8639
6030
4279
6642
8754
2241
2832
82
129
9804
4805
4331
6279
1072
937
6502
4507
7225
5565
9045
5181
6741
9558
8960
3378
3667
4287
3199
4773
3646
6078
5126
1095
9250
4823
720
1275
5415
2008
208
8847
5118
7011
1284
4176
482
4628
2526
7237
2617
734
9509
2116
7267
1779
565
5031
6318
43
4940
8782
57
7199
7379
3270
2004
627
1146
8967
3425
2438
4002
577
4002
9406
5922
7340
9389
7393
6045
6889
682
1175
3604
5146
4953
311
1139
6435
7123
3750
881
972
2479
1699
4582
6312
1177
7011
2710
2261
6708
7094
8016
3410
2003
8416
1591
3279
641
1282
1142
7611
4242
4
6913
6805
6347
1174
9353
8672
8693
1755
782
1921
1624
5194
6231
3738
2271
965
2742
964
8589
3628
6549
9984
3358
3346
2640
9656
1630
3128
7878
3982
2561
5951
1307
485
775
1657
1807
8377
6367
1193
1934
4311
4458
803
679
7395
4620
721
687
136
1502
8109
5025
1079
536
4855
4251
7880
2057
5199
9844
2121
2931
8097
1169
9104
684
9236
2091
5568
9153
173
6519
2515
426
4524
7792
6999
2855
6685
59
1732
3686
1061
7464
3299
6316
5003
3444
1949
6940
5635
1453
5185
6119
3899
6546
9172
8870
6354
3389
972
1651
3107
7311
4684
4777
3697
501
7855
8055
3635
726
232
4287
6550
5807
7151
169
1752
2094
2716
5242
5099
5757
4507
2415
2264
2036
8150
3592
5173
587
3073
3948
1932
1723
3596
6673
2446
9049
889
4041
4591
5538
9067
6678
3946
3974
2497
8760
8512
5952
1333
4011
2097
7865
6119
2834
9191
5185
1081
6618
8304
3926
7370
4272
7046
63
1057
2335
4835
701
2452
723
6096
4320
7357
3207
1126
2025
9765
9404
6267
1388
1607
9914
4475
559
7459
4184
1311
3480
8337
2553
2826
6295
6803
3489
6743
2737
9965
6533
5322
8533
1131
6626
2339
2957
3741
2379
1734
6103
7494
6566
280
22
2373
1589
1627
1203
2378
5832
3346
2998
5766
1905
4143
7963
5218
5002
8519
2447
1280
1932
3335
5109
884
1729
4922
6095
6807
9342
7416
3127
3355
477
3481
1031
6526
4720
6226
9247
2533
9919
7766
3184
2745
7996
743
8406
2626
84
8854
5566
5655
8080
4284
3526
5211
3613
9898
9462
6777
295
4925
3924
4916
2092
2181
2635
7761
5836
287
4883
6712
6030
5200
6999
571
3829
4160
2034
2098
242
7249
3541
7202
2487
4802
2723
719
2471
3170
8547
9960
8619
3083
3379
1317
1389
1739
5984
7886
6306
2474
6017
106
6381
2074
4712
7485
6002
169
7251
4067
1967
4793
1427
5002
6993
3035
830
3211
2284
1284
4841
5550
3750
378
5791
2551
331
2362
7564
1073
1293
7199
8418
2131
1438
3245
7683
344
6684
4980
7893
2630
5020
9275
83
9897
987
1226
1036
60
1924
769
564
661
7728
4630
4418
1085
2235
4183
9865
5108
2373
438
187
8573
1536
7741
4113
113
2788
4111
3504
138
9308
4197
1911
6244
213
3484
8116
6032
915
4351
2144
1189
775
2570
4592
762
6321
9437
2292
6702
9362
1683
6288
2971
1234
841
4895
115
1004
804
4171
7790
7052
1231
3605
5070
8273
244
2312
1203
5178
9874
6704
3374
3039
2049
2277
4777
4511
3238
7533
4141
6225
9275
3334
1047
5325
2955
4378
9137
2210
3570
9229
213
6141
1687
324
42
3736
674
4512
1994
1
4311
5058
2380
2374
6927
3167
5747
524
8265
2906
9095
9328
691
8742
3092
1482
1563
3304
4076
771
2374
8132
8912
4706
6012
984
5042
6340
8881
2663
1560
403
9513
5008
5069
9592
3340
34
9506
1257
4820
6374
5912
1336
4334
1440
1311
8722
7234
2277
1255
7648
9061
5711
1699
1555
7701
2956
6424
972
629
2553
3274
3625
8930
7520
307
2724
1190
5868
7673
4072
3387
8537
5914
3717
4048
677
806
1835
4153
4667
1386
612
6849
1232
235
1634
105
277
5857
1874
7981
1156
3230
3226
6421
6848
4566
5227
3105
5585
5192
9705
895
3208
8232
4064
875
162
7448
924
5667
9438
2793
1647
3052
4933
4867
5187
6753
2589
5785
3376
4503
6800
227
797
3761
2307
4128
4571
9178
8242
6300
3948
1236
634
2004
433
9067
8999
5122
780
2767
1658
920
4625
4152
5629
3630
2697
5530
5654
7259
2882
9804
3762
4510
4303
100
1386
2649
1404
1473
3408
7236
2711
9229
3121
2082
2428
7111
4358
2819
7773
6724
451
743
322
8654
664
6930
6753
2088
8116
1586
3841
417
8622
1974
2009
2989
2265
393
7431
2851
8069
9925
4215
3794
9330
1474
2564
1188
4517
7985
5959
320
9686
1935
7930
3770
4777
9940
416
6230
5638
4658
5921
9982
5404
2138
5937
1401
9102
251
6226
6043
2349
8586
3005
9624
1125
837
7267
4627
3268
3749
4548
9094
3434
385
3068
946
7649
353
4926
1012
3398
1709
2374
7540
6914
3901
4952
8096
8677
268
2498
1478
3436
556
6347
928
4078
1395
6463
463
7685
1848
6462
2245
8449
606
1936
4643
2403
2280
6201
7542
1760
1402
5267
2495
7073
1043
4599
1206
5278
231
8550
4436
351
8878
2804
3961
9653
748
1745
9168
3374
4216
2188
2720
302
909
433
4714
7809
2851
1200
9145
2787
7196
3350
9017
5088
454
2309
2177
9146
5490
6670
6407
7919
3259
5145
1703
1628
5085
1965
7306
2370
323
3743
4330
1014
2990
5091
1181
7543
329
942
4563
2198
9701
3985
7540
7020
819
8938
7585
369
9092
4381
4216
2186
5942
4676
95
5579
6657
4402
218
2601
1828
3111
701
3604
4078
5797
8143
3544
409
3709
1796
2507
3058
7251
5799
4166
5704
5497
15
163
5109
6052
6074
3422
6025
563
3968
2039
4258
3779
2105
1566
7886
235
3206
9785
4094
5942
3534
7159
9096
7229
769
2619
3912
48
4623
4691
5
637
5555
153
1945
6861
2077
457
8720
162
3671
9477
2310
1987
5063
3475
3212
814
1635
4923
2764
695
6100
3382
4957
665
1908
6966
9209
4001
9874
2506
1183
5978
5639
242
1207
9249
90
1419
6779
2258
4889
1680
8555
572
473
6686
5136
1817
5961
7239
4254
3159
6020
7673
3997
2929
3602
9561
5572
2184
4791
132
866
4381
418
7524
8873
6457
5894
5480
1597
9067
3330
737
4363
6621
6709
9805
4091
7337
3406
7420
4550
3477
1436
811
8259
4558
1745
5748
4951
4946
6381
560
2183
1181
4447
1555
2751
6111
2153
8834
2500
7705
9471
5681
1304
1978
4381
2785
5677
4765
6400
1396
6952
5208
5392
2744
3827
1548
9043
5789
214
4873
5861
777
3382
7796
121
587
9471
8031
5239
8209
7365
1553
183
6653
2145
2043
3587
1937
2726
3357
6886
266
7355
8009
1260
5988
2207
2228
4023
7154
2678
3467
7251
4046
3010
8640
754
6069
9067
3374
5111
85
4170
5754
8496
2712
6620
3500
2158
1845
2795
5093
484
6662
5450
9972
6287
7197
719
5460
4369
7364
288
873
3055
1605
1404
2568
8730
488
4263
3855
4393
3441
8092
5352
5798
7300
6561
2491
324
1803
7779
6314
2640
372
5978
3128
2372
9805
4451
4880
1140
1777
2949
1950
9491
8518
1986
3439
3108
3221
8913
8922
505
2389
593
9658
448
9873
2799
7212
123
3706
7968
2682
972
407
261
8541
7152
7158
479
40
2456
6261
9243
422
5718
2264
8159
449
2669
5579
2486
7801
3173
8677
5952
2092
6017
4581
4845
6753
2716
3329
4755
6456
850
7827
8195
5135
6772
6966
12
3575
3632
2138
9408
2377
7112
1194
3604
232
479
9919
6631
158
5415
2978
1277
704
8077
6447
3976
99
5657
4041
125
1497
6441
9509
9361
9942
9994
8098
6289
2337
1519
1137
843
55
1399
5440
7564
7539
5769
3780
124
825
9805
616
4173
376
5283
7009
6035
7026
4993
2094
2371
725
1147
3685
6269
6723
8458
8038
2069
1383
228
3366
9543
380
5740
5571
4878
2693
1708
8576
152
6106
3507
670
1166
6372
2222
1102
597
2974
1006
4235
5278
4170
6535
5255
4780
4889
36
8096
5362
8662
7813
597
9143
7312
6260
3377
7111
3332
697
6798
6631
5276
4152
977
5701
7253
2994
2744
833
3750
4434
162
656
5400
2884
8927
5099
5030
2215
9651
7152
394
8846
4820
521
321
6017
9373
365
4573
4631
143
2293
7515
2578
3596
3407
8241
5906
2271
9627
685
1748
838
2742
2654
5348
164
5028
4003
4298
1218
7234
7181
193
5414
418
3043
7694
4942
2416
2671
1779
5323
4310
5529
5159
3332
2978
3262
3282
9731
2575
3611
1005
7728
1378
2275
9461
1722
4732
242
1028
2423
8196
3332
6719
432
819
147
679
4281
3462
8308
5782
5033
6427
9191
2953
5890
8999
265
996
2851
477
7710
2355
9000
3954
5443
2246
8350
6127
573
3074
5010
9471
9124
1247
6880
2384
1457
7551
3595
4568
9975
3301
6760
4855
8201
4223
7886
2157
7056
49
5193
4944
283
4412
1804
3812
9546
3056
800
2208
3462
6913
3639
1542
9113
215
3901
8446
7897
6
3127
2485
561
2776
6919
1040
2836
7239
3017
48
1671
5773
9184
9305
5288
3304
5120
9629
7537
546
2781
8714
7156
7810
6347
4331
2486
606
1120
178
4723
1580
2903
2974
3197
1686
9543
8834
7425
5493
3762
698
9205
6316
2850
8760
999
5279
7200
1385
3292
9053
2519
1019
494
1067
3008
7830
2770
881
557
3794
956
2656
6378
2058
9705
3042
3382
4773
1335
2543
2234
5146
7182
1676
997
5301
4742
4770
5438
2742
310
4923
9992
1005
1908
9761
9753
3941
9769
1470
2959
542
2149
5426
1597
1223
7153
4576
8032
1322
7520
1403
121
946
6030
2180
119
2803
3827
2078
1937
5752
5025
7245
6954
2103
9717
6914
38
8930
578
7931
9087
6953
4216
7515
234
8742
2750
237
1101
4847
6617
5112
3183
3213
3639
7376
5735
265
1350
8116
1317
1770
1940
8728
1463
6154
3729
4309
2535
3870
221
3658
6639
152
2454
3358
6100
9213
1520
1361
1636
3530
2068
7985
6066
4482
887
5218
8863
4277
3491
2038
7931
7581
3981
6947
7573
9047
574
9906
3678
3026
261
6505
6895
3857
8027
4672
9725
6734
2298
5281
6877
9764
1690
2067
2240
46
464
4017
4185
7878
233
5001
8147
3026
3462
8231
1926
2779
6422
6483
3068
6764
7150
5477
573
2822
6204
3012
2815
173
4855
3701
4241
1318
970
8419
8335
1339
9651
727
2143
5409
621
4309
9958
960
181
5566
6714
366
2064
8042
8777
1549
98
8898
597
2212
9817
8576
5231
540
4416
1140
1783
6043
8847
6629
81
7472
1924
6736
7724
5377
207
7018
1755
2958
963
240
7721
2954
6684
2263
1746
2489
6323
8837
1622
1756
5047
2394
140
7712
260
542
2172
9190
4950
3604
4926
8188
5517
5991
7818
5769
9808
2330
4823
2494
1000
972
1915
2207
4423
679
3346
9493
394
3650
5652
6435
5208
7043
2518
945
2546
6295
285
2832
2180
387
3837
8828
830
2021
5666
8672
4186
5575
1213
4629
2030
4795
6402
6194
5749
2790
3366
1662
1436
81
3422
3148
9238
8107
7488
4942
13
7249
2180
1643
924
2931
1606
3038
4245
455
9905
813
5021
4970
4179
1261
3576
3152
8648
2612
6347
670
6267
4915
5994
8470
3069
4911
3136
2557
822
1730
880
4272
4145
7047
2190
6035
820
1020
8560
7667
3291
8016
7988
4858
258
7151
1655
8026
369
6714
4777
1210
5195
5032
5421
9614
5105
1885
8003
2341
1488
5539
6232
3266
2788
4662
8885
5346
1417
8151
1011
6085
3483
4541
2747
3515
266
679
8630
5822
230
6190
6119
1550
201
967
3363
6391
1799
3658
8206
6209
2460
3903
7182
7242
2106
1189
3955
5475
5247
1681
608
5091
6131
2004
6667
4257
3096
2727
2033
2218
238
1183
7046
6231
408
7456
4104
4084
5742
177
75
9044
1286
2774
8108
367
1316
4924
4766
1105
2745
878
1584
6736
1034
144
5394
8366
3058
4505
1601
5834
3676
3466
1407
922
136
5675
2539
8411
3747
6622
3598
3978
2447
4642
377
6358
3510
6103
9139
9198
3853
1774
189
1033
906
2055
3650
1829
3609
1824
3931
6211
2039
5377
949
3873
403
8335
3223
3726
8142
5787
1353
5317
953
8603
3179
4843
8898
568
5978
6347
9920
8968
4484
6254
8825
2780
5927
6347
6186
3179
829
289
47
3422
452
5287
7168
8742
2512
1813
4039
4621
6319
5459
6411
6895
7939
9229
4842
5019
6615
562
5224
3267
4033
5417
2539
1346
6277
130
1595
3922
4495
1865
6584
283
7613
8949
4499
522
5423
19
5426
3496
5307
5808
393
2703
533
6012
8777
1102
1696
2181
3604
5102
983
675
6661
1158
1964
2259
5967
6694
2986
6771
4712
9275
4389
1141
5685
552
3092
5973
1388
1506
8650
1874
962
898
1992
2449
54
3530
8351
3370
3844
3184
1928
559
2625
1851
3699
21
5698
679
7350
3294
511
54
9209
3368
8150
8345
7309
4143
4657
7251
740
4692
9275
6034
1492
9110
3679
2086
4507
1023
837
1328
6240
3542
7812
644
5715
5695
5876
9077
3836
2650
8406
609
9379
4791
7152
3286
9935
5109
753
9679
5195
5906
1154
4524
5799
5060
9477
1580
6752
2447
6768
577
7859
537
1289
1468
2374
4605
3200
2756
5827
9139
5448
6357
3454
9358
5744
2280
6568
2230
7871
3812
1020
5
3000
2504
4561
2497
7598
4855
2380
5387
538
3373
8173
3759
391
4425
910
9041
4137
3899
1798
3328
299
2239
4580
1211
8933
946
6357
5984
4886
6994
3086
9971
6589
594
3730
306
4914
4518
2293
5211
5911
6227
846
4913
3673
504
2428
8469
4674
19
802
9736
5809
434
948
7931
1871
5580
5158
4326
3651
8429
885
3092
2274
5157
7922
941
7097
2384
8757
4220
2243
4477
9559
2922
9807
9760
338
6043
9761
4008
1215
3812
1331
439
4800
793
8883
2237
6462
7190
2262
9490
8360
9161
1661
6848
58
1033
19
9424
1407
9184
7373
7929
2392
309
7569
868
8206
7331
7850
4954
8444
5698
438
3502
7489
6500
2571
9992
5657
3675
3003
6069
9874
3566
6394
1494
4941
7293
786
4920
6135
655
5648
3258
2328
757
7886
2488
545
8202
2427
6173
643
5622
7069
1743
3441
6684
342
6878
4970
5240
184
2695
8300
625
5337
8102
3659
1162
9240
9854
7553
8069
5046
6015
2038
768
1488
4037
4808
1674
623
6444
736
9067
4054
4481
1012
2918
3604
2707
7862
3209
2007
578
795
1548
4902
4936
7810
2608
8252
2581
3925
7305
2682
5187
7871
5754
1335
2069
4728
4404
6869
2425
4776
837
4777
9005
3628
3616
785
2374
7741
716
349
3116
1412
1425
877
9209
6803
243
1051
322
3132
283
1135
3829
4682
4547
1303
5684
1948
9932
174
597
586
5900
3089
4998
3678
3715
257
4597
8052
7042
4033
3276
3674
5500
1375
8498
4422
6361
4288
4527
1002
624
368
3755
2365
2898
3635
3081
1367
1613
94
7421
3749
4085
3399
4616
8724
7963
6642
2168
5046
237
2542
8772
2660
9865
6930
3073
7334
5712
1055
807
2229
7696
975
2185
3862
9049
2670
5084
8247
5875
9416
6817
9812
275
7755
7414
9552
1
9470
3296
5846
8880
2356
3621
614
1202
9232
7224
8596
9018
2786
5537
5167
656
6383
1788
8417
3803
4300
3316
8498
261
7648
1828
2244
9384
312
1263
9979
876
1578
2235
5088
4673
8815
1205
3147
5048
779
7145
849
829
2694
5784
3594
8345
5155
2147
1805
784
6377
9199
592
2609
2332
116
2608
2165
259
4934
6136
5756
2250
8993
9103
1610
6038
5601
6166
4747
6644
3073
3899
1328
5857
9054
2737
2374
5846
3062
3372
3266
3890
3824
219
9755
8968
8053
5150
781
2993
138
5318
550
7543
3871
627
8351
1324
739
7010
7854
4924
5304
2103
7590
1437
473
4421
6589
3184
133
6449
1588
9534
2343
7097
145
9115
2523
7648
236
8011
7067
6688
2615
9113
9176
8335
5161
5493
1046
3417
3522
8176
1329
1236
83
4850
1904
6859
9115
401
200
5451
4151
4270
4251
6313
5770
7158
7236
3256
5437
1729
9698
2982
6086
2848
1917
5389
4583
9765
7049
3289
2174
2810
4649
2703
59
5457
4516
9067
1176
1819
1465
1860
1742
3445
1580
5428
386
18
1558
7168
5057
5906
6507
4888
5258
3418
1322
8613
6963
1303
5772
73
9052
3678
1463
4765
1678
3994
4686
1792
1460
8382
986
5060
8443
5057
6329
5783
9816
3134
3299
5853
4684
7748
8096
9830
3631
7390
4529
551
5655
8396
1201
519
5926
7465
2480
927
2610
3387
8858
8127
7871
5561
9906
4470
556
3746
3896
7945
539
2615
729
1891
81
4137
7700
2919
2389
4789
2109
9808
1248
4256
6718
7180
3396
3515
1228
6152
2256
2072
1774
7746
2652
7238
3282
5698
5684
1545
1386
6912
1224
1314
1639
4974
9765
294
1284
4425
3845
990
4475
3332
4875
93
3484
7628
5786
2585
1707
301
796
2343
730
3098
5874
1715
118
2039
1551
9116
2865
2295
3098
6347
8152
8945
7768
6696
4626
4278
4230
8290
9238
5816
9837
149
5166
2736
326
107
3929
5477
7123
1611
3843
1151
2022
9322
1822
4721
9904
8016
6995
6103
7562
4181
2299
2313
1125
3737
8850
5264
3217
3678
7076
2384
4917
8952
3253
9651
7733
658
9340
6234
1780
5070
9874
2759
1101
1559
3816
416
3332
308
387
7873
656
6465
3650
3116
1555
1692
3180
8885
9320
3290
9886
8942
6419
223
5996
8265
825
5499
3327
4311
2261
1913
2107
8617
8304
7558
4691
230
8176
1186
4349
5897
4653
6845
3938
7269
9955
7209
424
8589
225
9543
3017
32
6703
4403
735
817
1599
8577
2802
1600
332
4585
4917
6105
4080
7894
8252
2781
1472
2428
6968
586
5437
6321
9490
2216
3696
7976
1284
8306
3280
4023
1834
1754
2970
7518
177
4013
7813
187
165
6216
7544
5737
7781
5374
610
798
4493
3316
1025
6914
1592
5618
9863
5060
5490
1855
179
6619
7583
646
7802
6968
8405
6684
9526
5268
586
3739
8909
2640
1445
9099
1060
2087
1511
2112
5739
7575
3276
254
1691
4927
2286
8562
6707
4772
4940
584
5247
7448
9249
2161
1758
641
7702
5296
5468
374
1989
2187
4944
330
1632
2627
8298
404
9524
5579
660
1509
5709
780
1238
6635
215
4425
8737
5662
7886
1928
5299
6518
8350
6684
2154
5704
2968
2291
119
91
816
672
6665
8288
4610
4357
1373
1186
1685
1806
5364
2789
6592
3519
9457
5650
3785
2407
9475
8365
7449
1118
1979
55
5776
405
4373
2933
6321
2547
2141
7742
8348
3395
2659
7446
1219
2437
529
3095
65
3769
7801
2682
670
9340
5873
3366
191
4464
2808
6561
6810
3019
358
6093
9863
2523
1404
3627
6347
1402
1436
3022
9214
796
892
