841
3877
17520
1526
8953
2784
9931
46765
941
19547
1848
7291
96
10629
2698
11400
9037
1865
5039
146
12727
8722
56256
6797
14759
17416
16107
12
447
2161
1174
11903
884
24442
1909
14041
14129
1031
3258
3323
9194
9653
2732
22393
5553
52624
11867
11437
4292
475
1116
9044
2063
4623
6085
10725
2413
3071
3691
14
5357
8410
2700
4995
8640
33645
3583
5243
8633
3361
3887
278
770
4718
4849
4707
4050
3386
5002
14437
17564
507
7397
1435
348
4167
5085
4640
8879
17869
548
7917
10188
4084
1227
14020
2173
107
6299
968
11363
22898
11184
21461
8020
11091
8389
3497
3333
1086
5633
30183
32857
2543
1685
1533
3247
3505
4696
10994
3065
14831
2652
4762
171
9947
689
661
4365
2441
8803
2500
29385
32641
12715
36528
2017
23673
14751
1254
1110
21494
4933
17590
10481
30998
7924
30212
10830
3768
4840
2073
1081
10306
897
24800
17319
26078
1816
4269
2854
2520
20227
286
1447
6105
20669
12827
3495
16403
9514
7426
1348
7778
8518
35807
3648
3364
5412
860
6417
874
4578
1077
10118
7391
1239
1477
33948
12168
11458
22846
1143
13573
4669
27323
3710
235
15161
12128
6246
25266
4361
14745
16931
19449
7497
2316
17412
14436
2199
15124
2024
6233
11348
3999
1405
12905
28184
15150
7473
16149
9251
16183
5291
16219
746
11157
6410
8358
11825
3965
18466
32800
15500
708
6215
570
17316
2668
12693
6293
2502
19467
1252
7413
15194
30675
10857
8003
2531
6188
14568
431
3112
4702
5120
5115
4423
2752
2160
5622
794
3263
12167
7747
6052
9216
4168
811
601
17297
4333
19836
55614
8098
5143
11439
11544
1421
114
10075
1952
24097
12411
5790
5151
4983
8116
486
3493
16634
1966
9919
705
8638
1927
883
13406
10108
4211
9791
6530
5930
3870
4491
3812
19678
985
32476
3626
7713
18664
3286
18135
28652
14289
10097
16737
4306
13213
6123
3572
1115
25548
13942
5485
17571
16863
11054
4101
9944
20385
11729
2706
1698
65
929
22737
1717
26851
33432
13050
8940
13581
6890
707
774
18666
3396
5892
13079
3289
1305
12349
15649
1393
20263
522
9467
503
2792
35686
22490
78
8316
16154
8895
419
13200
3722
3652
12708
15798
5919
50149
2136
6259
104
373
4246
1535
18637
33442
14474
5130
2738
4891
8216
8189
17228
5997
1876
11933
20877
10055
3237
10262
11704
1019
8642
5924
14934
2771
4994
12881
6881
7169
17657
6080
33313
3888
13714
36955
6793
888
22409
566
3188
24515
9720
6363
11087
12419
2598
10301
20225
6137
459
9280
2907
1196
22063
18848
18199
1268
5631
3693
33395
27845
3501
30335
10785
788
7211
20138
6625
9158
2346
8896
2106
21219
24321
34448
27399
23188
2213
3656
27551
6704
445
1895
4784
21447
21843
7798
6858
12033
5098
4152
5420
4212
12007
17354
4364
23126
14299
10703
584
11030
34576
10782
11021
582
16797
7241
7363
5477
3024
6076
8963
5982
8
13508
3006
1385
4479
17870
406
7016
9082
18821
10916
10865
473
14217
9757
10134
8090
7333
4496
35524
1933
4737
5976
23089
1507
9516
19053
1415
9358
17489
29380
1953
363
2037
4750
7220
954
1704
3204
6130
2661
4285
19583
17294
9277
627
1904
2102
17
3660
8859
693
7732
74
4265
20624
6880
4533
1884
882
13522
5369
17435
2240
13161
24139
4441
1340
21206
6605
7385
667
6869
10375
19845
4448
6937
498
102
25047
28048
777
5531
10905
9877
14642
46709
3300
17360
12276
30245
16325
4409
5616
19993
4095
5607
2085
6741
3018
4009
5569
10037
891
749
10956
6434
5819
11951
8925
1617
6508
5221
8956
567
3160
16324
12753
4848
17326
10717
388
1821
5454
10712
20785
15121
4709
5668
18201
23497
17238
34386
18048
2205
5551
11356
1573
12201
2032
10643
22521
1390
1424
1066
2342
16883
955
14419
2178
5393
2463
5103
13753
5987
1892
17147
8845
6875
6281
11496
6537
8030
3034
10066
969
2317
2153
12012
4465
25199
14983
28990
12214
5080
23653
9609
1271
14477
27445
20388
8790
7569
128
18145
11504
10837
8553
9565
462
6319
6388
18652
4305
5386
39725
212
14538
515
5960
16218
20889
23994
12984
3427
25229
8118
602
7307
5100
3882
2715
10168
16934
7774
2921
9349
129
1197
2461
8651
360
10214
3792
11200
4384
6389
8550
2695
3945
17727
154
33820
12099
11530
4086
27464
13783
38433
5769
1855
51738
4572
7034
3482
2414
19988
21100
5176
6907
9583
491
2548
6995
20935
7913
13204
19063
10089
1656
3554
8628
1962
6031
112
1414
3984
18181
5304
34527
3244
1574
12552
9922
8627
35591
2236
1670
9841
6200
2604
4123
991
1579
9289
5619
7147
34092
2675
23527
2977
576
23558
15141
37026
16467
3537
3525
61076
3288
9954
8312
38360
101
23729
3905
10290
3908
4174
1434
16822
10464
3472
5929
2211
17445
7443
6706
9065
9463
8264
19477
10562
14105
2647
15120
4341
8468
5436
1288
10597
21800
4209
6021
8391
2847
17823
32894
3775
12766
11648
48174
7286
3142
32583
17968
2529
11964
1930
18368
17340
4551
51820
3309
67
3476
2391
12719
7127
6274
8149
940
20007
14907
12674
541
22183
5056
32789
17101
28749
20105
18648
751
9714
3265
400
1602
2739
1035
3381
579
19871
2280
3963
18111
2319
3156
2456
3151
5928
31077
5170
6242
2
3249
935
9779
13647
15415
18914
5788
6938
20494
4528
1538
6420
10466
14959
6177
1145
10311
24700
7849
15183
817
3450
11097
953
2372
18948
30447
18676
26190
9345
21976
5128
7362
18367
4727
6475
8337
11404
62
1854
8015
930
28164
912
17683
7383
11344
9460
11040
1720
42211
1193
5435
8336
5584
13491
3226
31346
24181
2338
2315
18735
9153
9058
17249
971
27343
23257
16437
13562
4336
2148
2534
1103
8363
16035
17587
476
6548
36015
745
6077
42957
6753
13504
7384
279
7472
3205
10610
5156
6726
7435
5340
63943
3649
5216
9144
5434
8437
2634
32473
10841
9685
827
2928
7900
4810
16531
8904
995
11194
8769
2349
33464
2510
6641
2791
3357
2495
24936
3743
1763
27898
198
47682
8450
1536
9637
8817
706
2527
4453
7043
3398
26808
11494
13066
15397
4178
3850
5247
13870
10147
14174
1057
23060
13868
5011
8341
24702
10976
457
13625
797
2466
456
24395
8829
7327
26661
2824
64704
7215
6277
831
3011
4819
3045
9425
29142
4283
13393
13781
25775
1571
773
6335
8221
20826
26688
5453
9818
4328
13469
8952
38163
9700
1119
6604
6603
25498
1459
12505
633
7365
4019
17357
13456
1508
81
6688
1982
1818
4621
5925
14096
4509
296
10834
10999
24507
10568
589
2794
19655
4798
5564
9992
6733
7468
6167
2887
4685
7529
7352
7995
2462
26805
6512
2028
22749
10646
744
8821
10284
1475
15360
2889
53893
337
7280
6769
10692
864
4740
6108
4594
2047
925
709
2687
8900
6101
10606
2125
16810
12368
6705
3347
5315
4034
2725
25013
9494
435
4538
2849
370
12834
5539
10660
9955
2708
2041
26220
7806
42491
17102
3123
5677
12867
19619
36906
809
5550
1022
3815
12717
14136
11179
29899
3787
9527
6850
7161
1153
7815
3599
2646
2194
11281
17618
5898
4530
4018
15890
25359
10293
18727
1514
1759
21341
8205
4856
10027
5802
4079
10673
2540
15788
37135
5944
11991
3539
18431
7017
12549
13388
4044
6026
6569
10053
3916
5977
355
22064
4514
1384
6429
21809
14534
9533
15127
47457
785
596
5970
4066
4708
192
1128
37642
7621
8399
25618
3763
669
5838
2401
8338
11831
3377
11588
6977
17305
13861
1767
326
8295
3974
10125
12424
5343
8912
9160
7683
5297
17334
8284
11587
18072
949
3494
13837
2566
11111
8023
4963
18749
13791
20679
17042
1877
857
10845
11432
5043
20960
12205
1727
2644
16747
10332
11282
21914
42741
6773
3119
16160
6930
976
14997
26932
12326
2329
12112
1444
256
2674
13576
824
899
2396
33670
543
69
6436
7379
17144
14825
2434
35596
1483
27546
5175
5486
2835
17635
391
2906
18641
15930
19127
8760
19647
8199
3555
2756
6079
3303
847
29458
300
6061
6810
5620
11448
32147
34928
19152
13885
1237
10449
1049
2778
4244
1009
9084
31524
9911
12146
14403
926
4126
16735
23286
11380
4884
4311
3816
11288
16888
12918
18562
12889
38112
34121
11531
5306
12680
4041
2525
8581
4694
1608
52104
7491
4959
1304
13890
594
11728
10533
5778
2347
37
2209
28261
345
9812
11570
27295
3586
9724
5527
7343
10825
32649
22434
29051
7939
5899
2345
35853
4437
3778
2193
11519
14072
1957
3813
10161
5416
10
15044
2363
4016
3312
6008
7879
12297
3413
8626
18396
181
2067
103
7660
12703
11310
6721
9766
2641
70160
4307
3416
16353
7858
15355
9943
2868
3865
7457
2890
11457
17510
18345
3511
3739
6939
26473
4828
10077
9490
7834
3686
8667
9956
2909
2135
4822
19329
16639
10071
1499
15648
187
1653
916
3822
5718
12686
22955
5446
27280
21266
1795
1886
691
8475
21888
1056
9842
622
1906
3760
867
29857
4857
4276
5735
1229
168
26065
2080
3662
5334
9108
18533
16319
9156
10418
9036
5349
23759
20628
2365
1562
47072
14770
29108
1249
1741
619
1289
22924
12235
14177
10274
3159
141
5348
26
22107
13716
3088
4835
1080
651
16653
29601
24998
14206
1013
12595
17366
2517
13364
1590
21890
4974
2412
21926
1129
13976
19603
2424
4861
2354
12777
3086
834
6748
14193
6321
5501
2496
5469
24488
3948
2628
12029
37806
2913
19548
38361
688
10128
7301
3748
11712
29378
24952
34111
12123
4093
4877
6385
3985
11299
11213
3260
4864
3239
22289
6780
9159
13230
15042
6554
1426
31730
6594
3721
11385
17019
5015
3318
7952
12049
1332
12391
5745
12431
6955
10346
3017
21982
3394
12066
26520
11561
17136
11388
45525
23893
18440
2065
516
6757
26049
7756
27142
1376
5724
1644
7026
6265
6826
9430
1053
8347
18305
1183
2624
3230
13990
9012
15337
4043
414
29675
26667
26447
3670
1721
21424
3529
21773
6091
26296
315
3622
6164
2170
15466
5461
4157
3964
6176
6090
16457
9416
12805
11751
6472
20962
18963
2665
8947
20111
4271
8097
12663
495
15349
17212
7576
7788
30132
4450
3500
1706
24805
470
26002
1896
7605
15413
10886
2632
36665
4577
7263
6527
814
2848
335
19856
1881
1914
19937
4131
16434
1259
16664
7812
12675
38262
7167
9752
9827
10098
3957
20009
799
8643
26707
1167
4672
2744
68
45348
10175
13586
10656
8559
1923
2124
32188
3797
16259
31125
5936
1233
1347
2936
1334
418
12242
13309
4356
14272
3404
4344
31022
2837
6450
3730
11185
19104
2962
6140
1010
20466
1531
5311
2655
13307
15151
1757
12854
2615
34232
9072
5341
5439
9247
376
4097
23787
11325
43939
12757
28333
943
1918
17553
2301
8089
19966
5300
1084
6369
4982
6690
1587
29368
639
3589
9765
11591
6347
252
38803
21836
1379
671
4682
25242
21742
2884
6623
3541
6151
4291
10732
8528
4278
11630
11444
6833
4431
14511
11692
7832
13103
2866
9380
27628
23523
11939
14186
15832
1831
9951
4566
14030
35836
23986
7654
604
5503
18717
2718
17732
8188
8893
10189
3437
59309
11382
1016
4158
1015
11341
23925
16854
5330
10308
6739
2619
379
5693
1756
9746
14426
21380
17773
1852
5710
6268
15784
17894
22195
56
44009
21571
1420
1093
2841
2949
6628
7151
3004
17728
1958
13955
544
6463
957
13265
13000
20356
919
9169
2478
6306
11574
10746
789
274
1512
15090
2876
6610
10116
3400
15586
30703
7265
5114
30191
15297
7304
25965
4570
13661
9977
3892
8160
10241
17545
5826
19809
13715
2282
3412
2108
4293
11232
1772
55063
1467
5327
4546
13130
40196
180
1823
15843
11104
4723
5233
1775
32866
14109
10448
15145
623
5590
13357
15893
15560
11837
3986
16683
2266
1068
5265
5665
12415
10101
389
893
24345
3838
6006
9422
30181
1714
11753
7433
8163
350
1787
13390
4055
3168
3576
11120
4555
9042
4807
1580
1894
6447
11188
1456
18370
1481
5883
1422
4295
5037
383
6536
4818
1632
8725
10438
30525
1805
3921
458
30744
7565
13137
8741
14450
3800
316
18095
3808
13636
1413
2145
27986
30490
15537
9311
18358
6893
398
26267
6027
5201
1719
19193
16356
7991
2595
776
8864
4583
7091
2126
1517
272
3029
3724
5719
768
6568
1121
2567
8885
6351
31569
18369
6722
16619
2798
8618
6811
2323
22725
3130
4446
8329
3273
8152
4202
2743
269
1256
8945
7673
6116
23278
22669
2348
20150
950
3203
4468
3166
29552
13150
15263
12295
29711
7492
16612
2142
6313
17983
8194
1235
16494
7112
21229
301
4611
3516
14410
8203
4286
26061
6784
9684
12003
1539
3731
13563
3535
3310
14792
9723
9017
25052
4452
2176
1973
8675
57360
24689
13036
10989
13211
3158
12118
4186
25594
856
13020
1357
26377
14117
10838
23128
12584
57994
7912
1702
413
468
18387
25447
9472
17880
9250
1713
3079
16055
24613
26306
15060
10719
3655
7504
12995
11260
5105
3087
18796
5980
4731
22344
4004
3569
2926
1178
1998
7763
7749
5577
22034
3293
2881
13894
19280
13355
14904
314
1764
9887
14140
2904
9116
15237
25639
10034
1112
13071
220
16739
10483
5065
2790
24692
4820
3610
12960
4071
18909
17651
741
3120
988
16847
2997
2254
16395
5406
2812
16760
26908
4164
23696
12226
8740
2476
2637
4061
9100
31122
471
15755
14325
4519
36386
31149
10452
13986
6847
43885
5623
9468
177
6859
33662
12417
637
8219
8767
5371
6191
13707
14928
6099
12053
18511
15442
11242
13132
3953
156
6198
3382
6499
7968
19710
1449
11251
19832
862
1716
3125
12784
7133
14066
568
501
13343
11274
25954
25602
6580
1747
15384
3631
44255
2350
1506
5939
554
2917
7534
2831
14942
10930
1776
9889
17070
3190
20929
7162
4698
34888
3909
3241
534
9729
489
1648
7876
22054
3560
894
361
5978
1570
8472
2139
4297
19905
61
17607
5640
2331
12597
5637
14956
8946
2169
6924
2705
15813
11744
19468
26827
5430
36729
3232
9937
1607
994
1075
2797
3692
21057
22378
2588
30548
23717
1525
1711
317
1944
641
1406
8134
6256
6377
14425
9706
2364
1381
3930
1863
1710
166
1230
8111
134
19960
25565
9408
26873
14867
36430
17001
8582
11
7608
21806
9025
1782
8349
2942
24140
13421
9217
12420
1221
6731
16223
1762
1154
39262
161
6161
4615
2872
5950
10977
10317
1216
30691
19305
24004
21831
22979
35917
959
4513
15196
7146
11906
6102
90
4083
14386
5491
14786
202
18531
7965
1462
1541
3764
6257
9031
6370
24187
4325
10852
9810
2445
5356
10072
3728
8255
343
10906
3628
9669
3421
4711
1939
3365
17623
2935
2552
872
17420
7118
14189
1369
1480
1003
5385
3723
22194
1291
7705
7632
36429
14205
8655
14986
1272
5851
15601
6759
13907
21420
22633
6651
5366
5971
442
3419
11524
4300
4633
22221
6355
4387
13059
14175
2635
10102
3705
4296
8967
1138
6400
20438
4495
39223
9105
2180
6350
2713
5186
3703
4800
6632
19577
6236
1853
1029
8247
1195
5839
26282
1163
430
5188
1665
3580
5388
6292
7259
387
2227
835
2710
2630
11224
19703
9287
5472
17938
20543
1637
6055
88572
18143
20022
8993
30893
35285
4522
9748
1813
11937
12516
984
13557
1452
5410
759
1880
19007
467
11406
37581
1064
8141
1432
5772
18644
16657
7579
25795
27729
1461
9591
10159
20177
182
17301
1513
14601
989
32019
1194
12183
4107
4385
11135
17352
1754
4045
8531
4887
23
5568
44962
5162
12517
23181
713
8645
8127
21663
16913
16287
17886
5711
26923
3690
8933
2823
4052
2952
900
8689
1303
364
3277
3680
8814
5152
8384
2538
6539
36023
20008
271
2241
9117
1802
733
10172
1446
9923
29859
9177
13906
18320
4322
5220
10437
9023
11978
3234
155
2862
4598
1082
607
1677
29528
40493
1820
10693
9011
28321
8260
2164
14723
4312
1546
7792
9134
18120
2992
1368
13153
973
25183
5812
2673
23887
5203
535
20957
2689
4870
88
3014
14448
5474
15075
13485
5618
20690
1123
4859
728
13992
5396
8703
13205
13286
3718
31175
3401
19078
1208
4834
15752
16205
8483
2042
14547
13643
3279
35993
44589
22928
8555
7369
650
1595
13042
19319
8031
3595
11201
5545
23524
24099
3359
7460
3285
826
4804
1297
5910
26475
6022
4362
13422
13642
15603
25092
2583
3527
2120
17471
7650
13851
830
24087
15166
2159
2293
3636
12936
1245
1192
1961
10953
527
20221
1736
9421
34847
7204
7329
1263
1265
974
24993
13830
2522
8049
27154
1428
5047
3461
19517
10503
9304
808
22203
11047
6517
1451
5318
14686
89
21910
11819
585
14064
11733
1070
1113
10479
1442
19450
1551
3371
14118
25319
25413
4905
11590
2326
12707
3099
2734
13310
3
22820
9850
2493
1983
18257
9443
2217
24445
1832
14632
3858
4213
1977
7857
9142
8178
10767
2215
38870
10350
1740
4273
4787
6364
1916
3556
10997
681
820
13755
15395
11506
25435
5004
5518
293
8280
5251
4593
11698
8514
4359
14818
9189
7049
8387
10896
21755
13655
34403
14294
493
3410
3102
32790
1564
9965
2481
3155
17939
8401
12792
7348
15726
399
4815
1069
14427
157
2545
16918
10895
2565
2036
11170
1501
1650
28662
4701
3306
6667
17052
4205
2938
27
23208
6978
7194
5698
20337
23635
1954
12492
142
14377
5754
30647
14095
4700
13481
3138
6399
1646
8773
8969
13136
9942
20034
3420
21858
4102
18224
415
8165
5252
2741
1814
8119
24074
10469
18454
14796
482
19714
108
10793
209
3709
1524
27064
3165
5254
9573
8044
2808
10890
13385
5868
3383
26046
4031
702
23489
159
13289
7688
267
24452
297
5671
22219
3127
3548
12830
1515
1104
2996
9639
2987
27202
25042
1441
5560
4879
2532
5277
3022
4444
6952
17407
20065
743
8046
624
34982
27106
229
13838
3788
1008
1792
291
12428
13026
18540
57130
3683
4829
16426
36549
16122
11789
15600
12182
1012
1822
3995
3353
1996
4956
4649
34477
4619
3876
31804
1728
13750
10282
2011
16360
13521
6201
24450
14865
3896
5456
6835
1335
290
10941
24323
2004
15680
8223
636
1516
17745
13296
8342
2167
2013
10390
1185
27079
14640
12433
28396
3840
4461
3994
1487
11227
20972
1885
4106
2499
1213
20548
2937
6297
42392
11027
6144
5003
3456
428
10196
18382
1309
1614
4024
7532
14839
16251
2405
1715
1774
23388
2757
21141
12512
5051
1355
16889
11301
3082
2799
10862
11481
27644
34
572
6081
11118
1593
3872
2643
17461
36961
7406
29101
35
7310
12136
1673
732
595
15317
6676
7907
2651
5073
3642
5561
9560
1048
7754
6877
7185
21559
3414
26505
2182
1349
15962
687
4224
16429
21294
18189
5681
13316
8464
4092
2524
13967
11727
23706
12412
2134
10454
839
28101
4734
13816
10513
9588
27842
13732
16565
5849
6510
9551
11634
27153
13978
1253
29133
16490
4489
12046
63584
3330
20970
9447
1133
1783
30
6098
3574
9649
13663
9375
1165
20477
3928
492
10604
3702
5505
16507
952
2351
5238
6171
9886
41111
10887
4609
2891
21588
2728
6992
9147
1629
2773
22327
1455
15803
25382
520
5830
9369
1107
1030
609
1149
24888
12787
481
11044
1494
10318
886
2367
2877
10658
4613
15696
4827
3640
12752
509
8025
23474
2203
12924
978
12086
9438
1096
6767
3295
3849
395
2297
12472
384
9367
6950
9629
7423
12288
37441
24882
4981
18296
2976
14529
17304
22974
4347
3491
2731
7152
9825
23988
4520
17645
16236
5941
12808
10806
31550
10685
7096
15697
13991
1964
8625
6652
6156
13264
4735
6532
16168
3949
1111
12957
10032
17025
8520
18282
19207
11051
2287
16840
4813
2270
3149
266
3698
6588
14149
29997
13767
16635
8432
11244
13142
4627
25187
25390
2642
7062
6997
7867
185
50828
16179
18547
7205
4799
1683
35320
17088
44545
14519
1106
1246
5097
19529
2853
673
1418
1624
2281
4181
4863
4690
7909
29197
29303
4053
3061
411
7314
11088
10870
3988
3144
11503
20066
249
9787
16897
7105
3950
2006
109
41634
2426
1583
3843
24373
7188
217
6452
15546
3001
2681
10316
14739
14802
1640
412
9715
6942
9090
14242
5432
1398
8208
9548
10052
12714
25407
10935
5127
5153
313
1543
22343
6976
7449
19970
3248
9331
18147
13305
20058
60224
13134
8085
3308
2833
4924
34926
16673
76
94
4175
1362
10067
7500
5578
14470
3080
303
27774
842
10704
25204
2353
902
26324
7418
4109
8300
10020
6957
18176
5906
1674
31112
5535
11490
12432
21343
1577
3471
4650
2920
17339
7489
1285
6701
7933
26337
27152
6125
8978
10470
8991
1063
1791
443
4574
264
603
1164
5721
35263
1826
3027
37148
16484
19757
18
7707
982
8707
13424
10955
11953
23072
10864
3744
20187
939
8014
1682
9428
2473
28027
10081
2393
3225
1397
2249
9071
23856
12938
158
273
8081
2546
8257
11029
34807
2419
590
12964
1864
15510
31451
10547
262
6199
10396
7380
1127
13070
29730
7031
19219
5509
34070
5686
21874
6655
25035
1186
16195
5219
654
5525
1171
2012
5298
10771
2560
46794
2514
3600
599
4713
2155
6519
9499
14408
659
20452
3222
13765
2902
6247
9445
396
7499
24673
18811
2276
32792
547
2311
11329
3975
635
20682
756
5781
13758
7234
2590
3681
5376
14261
52
12407
5556
532
19273
12048
3866
4331
5957
54561
20340
1032
4689
6159
1582
497
2269
11145
5979
10528
6479
7092
28636
37400
20344
9336
14810
39638
2830
160
4060
13880
2137
9768
14833
8979
6740
905
16646
8289
1352
1693
6550
43223
9519
18179
7125
16848
6469
14846
4476
11275
11986
2114
3098
16868
17287
14949
86
12324
24510
9237
26643
677
1372
5072
7977
4304
26498
6230
1603
15391
2541
37159
7612
39582
18220
10570
3356
1290
2879
57874
3067
14567
1278
3224
6243
13739
676
6431
13853
7459
591
12816
9860
2727
241
2857
3271
10361
13682
8505
3140
22776
2035
4588
28008
1532
5508
17521
13776
4964
1203
10747
2271
31589
4196
40919
4715
4932
10973
13043
16930
16443
30312
16112
5129
7997
5818
8755
6286
14903
2894
10649
1744
2814
1017
28179
9852
11365
1139
5507
14449
2151
27654
14769
42291
18901
1697
8228
13228
5148
5310
1061
26166
598
907
4833
11290
10139
21478
17353
22193
10169
11162
9854
29334
5244
1948
39264
3540
9275
13773
22853
4190
8132
2760
5296
8240
1858
12193
13929
1191
12479
20062
11845
17434
9495
778
36193
8808
21671
5702
17705
1888
7436
10789
11350
10936
3836
2639
5149
10254
440
254
4490
9218
22192
13176
9403
3551
23131
9672
8327
628
11681
22698
175
26601
4517
12132
21017
1825
8871
80
9130
11878
10216
55612
11942
10003
5094
15577
1784
4636
3720
8191
4811
2896
20782
2089
8184
678
3524
5016
30501
16588
292
24967
22075
7282
6227
4398
18354
6730
6691
5722
7835
45
5445
1572
1300
423
4544
2233
10060
14003
194
7824
20333
15147
4419
20943
2083
7874
6935
8719
16666
2605
5940
18875
1810
8804
8999
250
7334
4648
865
3603
6172
6435
3243
2572
5696
6674
8928
6408
1771
33696
2505
499
947
4261
3084
11908
4901
1862
23812
12148
23867
12017
4424
34100
36137
4074
14292
1596
25401
6592
7973
2278
1567
17896
5248
352
11425
2306
6005
8909
3802
4825
17103
724
12031
2219
1523
24841
15011
33529
117
21237
7173
2569
13450
1631
4348
4545
3897
27684
858
8356
2582
1735
1621
2291
281
2221
11283
4607
5602
1076
25392
6624
19340
961
5294
20546
20910
9162
72
17049
15018
359
1212
23520
8994
2932
30985
4217
28521
12014
4624
5329
28114
9522
18684
13250
11326
4228
7353
3290
5399
3769
1124
341
444
9335
1801
3830
2580
16
9327
11466
31
7983
1327
34009
1161
2026
17583
16230
16540
3372
2800
333
1623
5984
712
8455
18596
4831
27239
6128
2259
662
11426
8919
1423
2629
18119
2253
11214
1985
818
3719
19852
28936
15108
5648
11306
19936
6017
5360
3284
645
11095
14208
7799
10148
48232
13695
11624
4400
5675
10839
750
13724
3445
7273
9103
35046
20357
9491
3894
1114
16922
48295
9312
3424
13029
436
6876
5912
12156
13684
12971
6912
3934
11722
7807
8791
7065
5465
45768
836
4078
25590
15563
8396
5876
7018
2995
718
6963
6446
21521
33
8782
6484
7781
3408
17971
7140
1175
630
2622
6792
11852
11019
10471
8446
2910
10555
3324
6033
25167
2530
79
13418
1298
2885
781
6467
1931
68888
19485
17024
9572
18816
2714
24589
1769
11061
10986
11725
6866
4791
19940
8351
6967
17387
29
6019
4652
2893
2289
7410
5760
19428
8429
38176
21062
21867
17722
2511
346
3708
3115
11478
8145
39016
3549
1620
1350
6684
3063
23393
11998
11961
4337
2469
2740
631
8320
1117
8440
18776
6812
16118
2122
7698
1672
22045
3845
8780
4535
1050
9597
2059
19130
917
38465
21396
6523
6668
65162
3745
1321
4614
2285
13460
23338
18446
3124
3167
5627
3754
1243
11043
9683
5962
3835
9466
2840
1190
7838
11850
24582
10519
4375
4281
10565
2827
2863
3793
2869
14297
13240
803
13224
18146
51200
1391
22032
36356
10462
50699
1633
6940
5362
1318
10182
11445
2044
19747
3103
765
3161
9182
5938
653
21308
8811
9284
5908
17505
8317
3860
12895
6637
2383
1615
17059
13584
4094
1899
22230
3231
4778
6669
11957
6841
11055
9161
2318
4100
40254
17783
55846
6873
9125
4418
11465
1778
16430
2458
5934
1359
14587
4046
7296
30951
3823
25002
1198
3620
4342
4368
5511
936
9388
4220
3281
22784
3747
28132
500
34437
514
7664
14978
12574
5480
14784
3339
11243
6221
22680
35870
17250
6036
20703
17084
17428
12280
9660
25961
10882
8330
5998
12594
5794
46143
392
2429
14490
23502
1370
1089
27971
904
4973
11687
25215
11132
3578
10374
6913
8275
11985
3325
13372
792
4221
1182
8995
4410
8596
2533
911
115
20200
12955
581
7226
10458
615
9785
4532
1092
3128
15245
4459
33540
8562
16928
10456
1594
6457
19820
30045
9659
7332
3638
933
7716
17273
1094
1074
1267
1547
3146
40977
2288
14215
12916
24159
3819
48
8397
6197
9796
2357
5032
11173
15570
29148
13574
10952
3973
21935
2880
10500
469
247
21150
5017
10707
16677
7896
526
3508
28489
1450
2620
24391
12286
4816
10288
12028
12477
10915
3059
26058
8530
13155
6683
5574
5471
4324
5262
2295
29015
2631
50
15739
18132
5833
8105
3696
20906
11554
15898
13922
38922
23591
15694
59745
10623
5256
19424
1244
19037
5007
13017
6170
23993
1083
15613
190
1773
15461
3651
13311
1883
2206
28303
3187
6749
7444
3272
6456
16697
3929
1838
21377
549
10300
9173
3486
2062
4401
3305
27937
39494
43
1794
11464
9038
1498
15936
766
196
25504
8196
7904
8927
28859
27483
2544
16292
4379
25267
5699
6590
26936
4301
203
6138
7208
2592
1296
18795
6258
42154
4724
13479
5230
3520
4354
13523
6132
25404
13675
6004
2536
2358
2508
6117
1073
5544
10328
28659
18667
32598
587
2127
12327
30628
11212
7210
2943
5761
17193
8875
127
18239
20461
23349
2336
1486
4617
3053
12642
10255
3864
1925
22605
13133
2759
10761
29321
12681
22580
421
20857
7710
25480
7910
7513
2772
11731
6611
4841
5250
1990
37192
2171
19461
14349
22285
22629
7522
6943
14088
7321
2676
1448
517
4299
2795
5137
3023
3185
26015
24029
5112
8407
36657
1667
2001
4089
206
6058
10362
11558
5612
3442
1581
5581
34245
1505
1091
10176
7255
4526
964
14702
4210
4402
2283
41101
21877
13939
11376
3109
1179
10399
2200
2128
562
131
6661
1841
938
1380
16738
1157
15856
63007
3474
11215
22320
6791
642
4313
10135
914
1433
5990
135
6933
11209
2398
24360
18989
5579
14442
6212
2586
6764
38078
8045
328
5605
16829
4226
870
4703
5621
7054
5921
10947
23749
6264
20971
9013
205
29673
17344
8758
8670
7985
4454
14179
7145
10156
4871
12996
3969
2686
15526
2081
10714
28401
7989
23248
7931
9395
2709
1817
14563
17701
742
12151
1971
26825
1479
6785
9708
4792
5217
9180
13004
1417
32137
6476
815
6675
44004
2702
4144
10309
9412
2945
36410
4180
10538
2263
10993
20037
1054
18027
6075
31620
7823
3614
1088
1991
15762
8787
513
26457
12904
1484
4915
4135
138
2101
4501
6409
5700
11869
5870
21323
17987
15095
1001
21007
1491
2861
1694
9370
32164
5965
11063
2550
15163
6290
6867
10639
18947
23709
26967
5636
12702
2166
696
9707
6863
13057
15501
3129
4719
7550
4743
7679
2202
10127
4374
36380
19797
4693
122
11330
5292
3673
5423
27486
2704
5303
32005
12722
4775
24999
5264
13824
20897
10368
6763
4785
16955
21124
9007
26537
8066
10012
3786
9456
17589
14255
6889
2322
2093
9003
6653
699
2431
9102
9377
22867
8060
5476
374
12366
3912
6680
5061
4692
66811
8482
2735
6542
2447
3100
18802
1951
6487
7659
13471
5765
6428
3936
731
1027
4749
9265
10657
453
2045
9137
1503
6413
28332
1436
1341
1274
15568
18894
13597
13749
8042
16766
16338
6367
1659
647
1663
3264
3227
7743
7992
210
327
24697
2944
683
5433
9332
3443
1731
8239
4165
4898
4866
3707
7149
2344
35289
2104
28754
19089
7715
4680
2220
10356
19659
15462
3085
13972
19320
33965
34798
33049
859
16037
3196
2454
1781
8367
2175
657
13405
7918
12523
2366
4373
3433
5109
4897
16927
35897
19888
14999
7063
6010
1938
12094
2766
10179
5141
21172
255
19885
18085
40359
1299
4769
4661
7486
14483
1766
12591
6057
16679
17113
432
2404
15393
11199
2294
10721
6120
1301
26227
1849
2846
8062
726
10017
38558
14139
3579
4298
8524
3701
15787
3753
172
21355
529
3113
680
44
8996
6114
7375
11402
26676
11777
8583
7454
12348
14805
282
2048
5880
27379
6179
18488
6926
1429
10198
7278
42800
34975
7606
19526
4605
575
2021
4923
17659
1097
6387
2359
17135
12065
18077
25475
2594
7526
20472
5871
7288
11553
9993
18364
9099
13703
5791
2908
1761
1065
23452
7019
20487
27084
2960
16576
1130
649
1500
9392
10253
3215
3597
25086
764
1007
1552
3884
23636
24302
11064
21130
22369
15312
528
2455
3033
25807
13953
10014
993
15540
1148
23580
4741
4761
29232
9191
4635
7735
6855
39
4600
4200
1668
1956
11923
4917
1873
12965
6122
626
6834
3351
29255
22876
1569
2964
23365
8155
29915
5040
3657
2717
17106
19717
11842
5228
2143
11650
15679
19555
4541
5351
8402
14853
4399
2214
36610
24724
9624
8183
13386
844
629
722
3976
617
4498
29023
92
13088
1159
1900
14202
28758
2961
14101
17628
3362
8873
9455
45233
5993
7100
11451
7521
12673
33222
4662
5045
845
783
5682
299
12515
9861
7609
6836
10497
3283
15279
8117
14881
16475
57418
4676
1540
3007
9145
525
44103
21561
23835
2232
666
7656
2468
2352
2754
14256
7166
4671
5744
13146
618
25314
7920
11011
47815
9141
11680
4903
28
12172
6598
10957
12676
211
14512
24255
4183
21240
7028
13402
2537
6439
11748
20951
1872
1890
9486
24774
4699
16215
18872
4988
851
2623
24256
3246
466
8966
711
1021
1099
9898
22383
9968
1510
2140
15681
3518
38376
1969
1330
4377
10407
18820
1737
3643
832
14561
5524
18658
9807
3363
4602
7836
8926
6663
5610
32027
10842
22858
1537
1360
8193
7535
402
1889
3050
3343
167
17057
5389
760
7270
47
963
18469
18136
9333
8459
9109
1279
5288
8778
11713
6973
318
21
12548
1649
20587
4766
1152
573
812
6440
1724
9831
4369
852
11317
6562
4976
4890
40504
2963
5515
5280
9286
5350
19423
2238
663
9308
483
21006
7490
23946
12683
18789
4638
12435
3952
2453
28352
5603
2109
7507
6888
5287
25621
11995
12441
3369
3677
3252
2769
6362
13793
17735
8588
1993
981
69569
14926
1260
5774
10033
16446
375
7455
2251
7364
3804
21931
4231
5523
3322
11151
53404
6053
63461
4390
5163
5191
2559
2226
3902
1707
30059
24332
14549
3370
57449
15221
8039
14135
13008
9867
16427
3452
5078
137
5651
5663
13001
11996
7552
6595
16313
2490
2487
4755
19367
5670
8106
8688
325
8563
3737
18593
632
2464
3958
2442
2255
26363
10115
3947
6361
825
37606
4710
48279
3301
1645
496
8657
9630
479
1408
13058
61649
2934
14194
16138
863
3457
1042
5762
1251
25667
4234
5060
1108
36853
1619
1293
6013
429
61890
3032
3460
487
22
23628
12256
5302
19295
24067
1845
1988
17585
11370
13116
648
3633
5542
1749
1131
22457
354
7
4247
4415
3344
10411
5673
6458
1170
4935
20490
5309
3725
7405
10251
1830
23234
13515
87
640
4729
9196
186
20297
4480
7024
5092
2402
2593
7150
3783
21791
1313
21609
15947
18621
1000
248
6092
3431
510
6944
14053
5301
3131
10752
4214
2905
558
77
5470
441
22546
12430
3054
20486
12720
9984
11772
1652
4171
10682
28544
13534
4604
3121
4170
16295
18045
14070
13262
6827
1861
4012
18689
15156
14430
5877
2577
1669
12173
7794
12666
10051
2638
15170
15446
1396
8017
1168
9673
15818
64261
6418
16849
8075
11007
1018
2897
5226
16571
790
1155
2860
6001
1700
17609
16329
18425
1471
9764
6158
3869
23743
222
2984
14872
16062
6291
2783
22160
2432
4148
4232
3629
4826
1044
3110
2829
14321
5274
21260
35873
4516
10689
1901
23947
6970
1705
6799
6911
2645
23741
921
13535
6460
73188
9269
3885
25933
10691
32878
6262
3020
2562
5952
14570
304
15191
3030
2504
4308
24545
4855
12575
276
1302
8058
34286
2420
11618
8303
4130
10670
4872
14314
20242
1276
8376
26648
5822
8339
2010
246
605
13376
8322
3251
2923
30087
5866
6803
21708
531
381
14054
25881
14937
16317
8971
21467
17625
2871
2247
20944
226
3193
12340
4508
2303
2129
16953
16561
14445
24221
44843
3810
12312
4757
6496
3407
16625
8271
3132
1438
6634
3798
3490
10180
9689
9326
6497
2916
22056
26660
19464
39779
4763
9157
270
1458
2333
11500
16948
474
347
4865
6160
4405
1242
9211
28437
26495
4208
10363
791
11567
6184
5258
225
35677
14573
10642
6166
15847
11656
3455
12141
22338
11491
5067
17676
2574
2697
15706
6113
253
3553
41774
9083
7944
6239
334
2691
5365
12579
14814
6039
5070
12641
8579
1342
1109
13474
3375
2492
10616
12236
7820
37309
12050
12457
19810
5332
7175
5133
710
14841
12337
20799
2225
39399
17332
19168
28306
4268
13031
6698
6466
2189
9681
3175
14828
15807
4962
703
23799
7148
32182
9612
24709
9808
16450
16687
7697
871
4523
38337
3773
10130
1392
12284
3834
9786
588
6326
7885
143
2192
26500
1090
20
3218
2201
2701
1675
5599
4892
1882
2375
3735
245
19323
29856
3585
28105
3758
2501
3608
11935
4411
10861
6677
6832
28302
2381
21202
16469
204
2842
3269
7013
2014
12587
8248
2999
126
3415
25294
5259
700
896
2845
21261
13734
8346
8835
25
16341
33295
8921
4953
35033
85
2409
8517
616
17740
5893
13649
490
15433
821
8326
10593
1695
19532
3012
21765
2340
980
28107
2369
6217
7682
27383
4054
1354
13493
11997
1604
17087
14027
195
9794
918
805
14100
20164
5295
1403
10671
4938
26880
3565
772
13543
13633
21611
2204
12538
8729
12679
13433
3174
6814
2523
6752
5867
1126
13628
11885
21135
16579
569
14167
30037
5969
5813
17320
7575
174
70
5463
2273
8420
1616
12743
16742
13744
14757
3220
7083
13548
8589
20106
2820
4805
1658
37555
2576
5887
18688
8414
1545
18744
9881
24723
1400
382
20872
10377
40157
6844
3157
6608
10259
3046
5611
284
4056
9419
58209
5586
10912
2053
7979
19816
4527
2330
1199
15747
4836
28083
4782
5753
14181
11862
2786
2417
6650
1981
4914
11189
17688
8834
1315
6023
6205
8540
15495
16145
2817
199
17194
5824
15589
3646
11147
8013
5249
305
22188
6473
331
19069
3513
16127
15653
16602
5062
2852
35529
1172
1703
1642
1518
16007
5154
7744
3781
7293
9437
7482
21102
1280
15209
23506
8037
23586
8652
17172
10164
14807
3470
20211
7734
2368
10627
4090
437
17474
8164
4240
4042
10582
1137
10686
15458
339
8726
2900
4739
4087
848
913
3210
9387
20638
371
3704
12746
5405
5874
45029
17537
8987
7783
4068
10391
8413
10197
2325
2187
5088
2825
30112
7572
25903
28040
25727
12175
6593
7279
12624
47713
3661
3331
1970
10524
9351
3200
7481
12537
191
34708
21677
2809
8254
3028
2497
4794
6044
5063
1078
15329
11661
358
9983
10307
11107
3172
7597
7701
10174
3920
6392
2901
4579
14165
4114
6310
518
4430
779
18054
18904
11010
19818
4730
3886
1496
1696
10474
16050
5241
1800
3617
7948
8212
7217
9844
7506
6034
14960
16535
869
31907
3040
13013
15775
12437
966
1942
50625
7819
53
1312
33339
8447
2029
16811
71863
6145
18390
10225
3515
26303
7690
1059
8147
10827
1427
9138
5848
5740
13667
23211
23590
20731
8421
6320
38712
4462
9857
10405
188
8302
3201
71
1160
7373
472
1842
5674
3182
3189
7336
10788
4358
3767
5570
30353
4837
638
20722
1062
1495
197
6451
5132
3380
1980
19346
4070
14178
3485
7903
6143
7498
7087
3567
620
1968
465
7629
33360
3453
12650
9801
9809
21314
15356
5460
1867
1067
34795
7591
6379
2696
2327
9793
7360
5041
57109
1209
3918
24532
7845
7725
13943
8366
6901
12271
553
362
22080
20462
22810
7674
51160
3547
3776
12600
17204
6815
11495
1374
33324
4302
26702
8061
17810
8898
12739
3492
9263
26345
19835
3601
3163
4015
1020
5543
139
4289
4338
9407
10314
5355
5907
97
2144
336
41
2666
22668
20668
12863
1639
12988
30880
21043
1856
5314
3075
83098
4025
6000
7165
6309
4436
16999
410
425
2599
2242
2818
13438
5036
3478
2793
2123
4118
1255
1976
10690
21470
4449
2113
15005
10079
1411
10025
9465
5552
2946
801
6776
5717
9329
4438
2015
17579
6559
20377
15683
27681
18852
5018
12987
2308
11115
15291
1125
4195
8321
58665
6329
18112
1338
4542
48952
3238
2557
4204
23334
11512
35060
446
3669
2768
3689
22797
508
8810
2804
523
9085
11085
23550
10960
1325
13429
5661
11636
7064
22774
3423
20869
21155
11323
64
714
19183
4697
35637
3432
7595
12883
480
4282
14789
8154
1453
151
5820
319
1134
13269
25551
17802
3458
239
10804
1963
6946
25109
1258
1320
555
1836
10526
2392
20046
5557
18173
6341
24003
1026
15498
1561
512
1839
9424
13864
4403
18905
19878
19062
4198
828
16998
15792
17155
4955
4620
1651
30120
2096
21669
2680
2684
3069
9606
15410
4622
3438
12947
6917
12565
3430
25317
7014
24746
7631
22610
10634
460
3559
7407
7022
6999
4684
4032
1975
5342
8796
51
2699
10665
14228
21023
8916
15092
42653
1387
1712
3512
1180
17141
4177
12910
3712
24
30008
611
5703
3695
10875
7144
10846
183
20276
1984
1440
5013
2782
28873
5811
992
4675
4505
2600
5335
4243
4768
6374
23010
3967
7053
4456
2930
10674
12726
8491
5878
25073
1489
14308
1660
298
4830
5380
5391
14051
3543
13241
5805
26605
32922
5390
8920
15916
8473
4386
23855
6330
8624
2968
19140
7607
1273
5464
5798
8355
176
6695
5490
54102
39197
1439
20103
3390
2430
26672
8185
12966
738
4339
66
1024
17278
1576
2683
3090
11853
9632
1375
19803
8526
21790
17753
1585
49592
24648
11071
1919
8139
20726
14711
24110
1351
3117
42689
7445
32409
855
8557
1598
22155
21860
3927
3684
840
25734
4010
6996
8653
17737
4565
4651
10015
3319
5931
2411
54196
530
19759
1903
2403
11660
4188
17759
7860
1534
5653
8001
25427
14077
16615
47412
5210
44801
3337
18608
1344
3514
15621
11946
5058
1943
3338
18083
1292
5529
22077
931
8021
5087
2895
4552
9122
8007
12796
861
7349
8532
690
10019
5272
4725
20479
8604
6616
6375
106
21989
18491
12379
17573
15164
583
7895
10601
958
31647
11247
19594
3790
5974
1556
3568
2603
120
557
932
9458
8844
4484
14058
1554
42638
1626
1557
1898
1840
2132
7325
2118
22609
2883
8939
12465
9262
357
39623
13101
12153
2296
4608
15954
2607
13926
9
5344
951
111
3506
21069
10131
3192
2370
340
8905
5384
19194
11026
3653
4952
3571
7840
4443
7122
6614
11150
8720
6871
9775
19213
3711
2573
5948
9544
3746
20232
5173
613
4360
11955
7001
15298
2951
2054
13630
17394
11879
4556
6495
19212
10142
33170
6865
22462
4512
5183
2438
10160
9471
1281
11888
8636
3313
263
1329
717
2939
3861
6060
15620
150
12639
685
2361
13920
13509
24128
7600
8858
7330
224
10212
11375
819
10709
33822
9711
704
2268
5483
10206
6916
3139
12598
15021
39337
11856
1250
5422
18206
14931
2300
7899
450
32852
9878
12093
10920
4553
1879
8998
16651
4065
2115
9243
8004
506
19344
747
5608
19384
1718
8278
3076
46116
3352
2967
8112
1247
7614
31214
979
10495
17768
26544
3233
8911
4117
10419
397
12564
24040
853
1887
32168
2072
7538
10138
10939
1363
9426
2801
1162
10855
1264
26704
8639
6030
4279
30001
8754
12571
20812
82
38483
9804
20937
12804
6279
1072
937
6502
12398
7225
5565
9045
5181
17369
9558
8960
3378
3667
4287
3199
4773
36519
6078
5126
1095
33140
4823
720
1275
5415
2008
208
8847
5118
7011
14785
4176
10009
4628
2526
7237
2617
734
9509
2116
7267
1779
565
5031
6318
15236
11320
19730
57
11596
11178
3270
16422
61147
1146
12448
3425
13447
4002
577
34691
9406
5922
7340
9389
7393
6045
31685
682
22007
21735
5146
31012
311
15979
13487
33477
23360
881
49301
2479
14596
4582
6312
1177
25479
14566
2261
6708
7094
8016
20746
2003
8416
1591
11791
29388
1282
1142
7611
4242
4
14234
6805
22598
16736
9353
38392
8693
13128
782
1921
14984
5194
38228
3738
51790
965
13273
11637
35413
17371
6549
11868
3358
3346
18945
9656
1630
17308
7878
3982
2561
5951
1307
485
775
1657
1807
8377
11975
39721
1934
16293
4458
20271
29123
7395
35102
721
37312
136
1502
8109
26954
1079
536
12911
30813
7880
2057
5199
25066
2121
2931
17902
1169
9104
684
9236
2091
31517
26389
173
10343
2515
426
10222
12302
19587
2855
6685
59
1732
40694
12493
7464
3299
6316
15919
3444
1949
11441
5635
11657
5185
6119
10153
6546
9172
8870
6354
3389
972
10398
3107
7311
11204
4777
3697
18039
7855
8055
3635
13961
28494
15882
11655
5807
16134
169
1752
2094
2716
5242
5099
5757
4507
2415
2264
11746
10508
3592
12700
13349
21144
10651
1932
1723
10024
6673
2446
9049
889
21572
4591
5538
25979
6678
3946
42498
12836
14340
8512
17704
1333
4011
2097
7865
15771
2834
11351
15797
11023
6618
8304
3926
7370
11779
20854
63
15627
2335
41016
701
2452
723
6096
4320
7357
3207
35421
2025
13777
9404
6267
25095
16851
9914
27829
14809
14457
4184
1311
3480
13928
25646
2826
6295
25220
3489
6743
36609
14945
6533
5322
8533
16850
6626
2339
2957
3741
2379
1734
6103
7494
6566
280
10357
10964
1589
1627
15112
2378
5832
18983
2998
5766
1905
34884
7963
39014
10763
8519
25940
12507
18432
3335
17664
19848
15658
4922
6095
6807
9342
7416
10410
3355
14238
3481
11921
6526
4720
6226
18958
18972
21227
7766
3184
21126
7996
17601
11417
2626
84
8854
5566
15612
8080
4284
3526
34429
3613
25279
9462
6777
295
4925
3924
4916
2092
2181
16675
7761
5836
287
4883
6712
20458
5200
17729
571
18450
4160
2034
2098
11258
7249
13072
7202
31735
4802
2723
719
2471
3170
8547
9960
8619
3083
3379
10442
1389
1739
27908
7886
13331
2474
15210
12440
6381
2074
4712
7485
6002
22109
11228
4067
1967
4793
22893
17830
6993
3035
17482
3211
2284
38900
41052
14080
10520
378
17459
2551
20700
2362
7564
16061
24234
7199
8418
2131
10035
3245
16023
344
34218
4980
7893
24084
5020
12721
83
9897
987
1226
1036
60
12178
769
564
15823
22798
4630
17130
1085
2235
18325
9865
5108
2373
16139
25311
8573
14708
10271
4113
113
2788
4111
3504
11667
10297
4197
1911
6244
15901
11123
18047
6032
915
4351
51732
28726
17715
2570
4592
762
16919
17818
2292
6702
9362
16711
6288
2971
1234
23481
4895
29548
1004
804
20204
7790
7052
1231
3605
63393
8273
244
2312
15505
5178
11284
14510
11075
3039
2049
50366
22124
4511
11927
7533
4141
6225
11882
3334
1047
5325
2955
4378
13198
2210
3570
36678
213
6141
1687
324
42
3736
674
26016
1994
22510
11166
40702
10784
14689
6927
11164
5747
524
14380
19874
9095
9328
43158
8742
15315
1482
1563
3304
4076
771
12058
26871
10832
4706
17386
14532
5042
6340
8881
2663
1560
16173
9513
5008
5069
9592
3340
13039
9506
1257
17979
15318
17555
1336
4334
20443
35232
35039
14681
2277
32903
12543
9061
21743
1699
26995
13117
2956
6424
23976
13444
2553
3274
3625
37998
7520
307
2724
15479
16344
16949
4072
3387
8537
5914
3717
4048
10950
806
1835
4153
4667
31147
612
6849
1232
49021
1634
105
277
20801
1874
7981
1156
37496
15091
6421
12026
10445
5227
3105
5585
5192
12166
895
3208
8232
4064
875
162
7448
924
5667
24965
14104
1647
3052
17675
4867
5187
10103
2589
5785
3376
4503
6800
227
27671
3761
2307
4128
4571
9178
8242
6300
18607
1236
634
39031
15078
9067
49801
5122
780
2767
10621
920
4625
14084
5629
3630
10802
5530
5654
14190
2882
10681
3762
4510
4303
100
1386
2649
1404
1473
11757
7236
2711
17181
14123
2082
17200
7111
15288
2819
7773
6724
451
10949
14216
8654
664
10226
19652
2088
11565
1586
3841
417
8622
1974
2009
2989
2265
13415
7431
2851
10401
9925
4215
18955
9330
1474
2564
1188
17567
13546
5959
320
9686
1935
7930
3770
16425
9940
23920
21821
5638
4658
15822
9982
5404
2138
5937
1401
13335
251
17778
6043
14364
8586
3005
11886
14558
14706
12838
32085
3268
19559
4548
9094
3434
385
3068
13616
7649
353
58444
14036
19785
1709
2374
23546
13566
3901
43451
17195
14533
268
2498
1478
3436
556
14172
928
23727
1395
30080
463
7685
17219
23161
2245
8449
18814
1936
4643
10041
13297
22121
7542
1760
1402
5267
13815
7073
1043
4599
1206
5278
231
27255
22091
351
8878
14919
3961
14162
748
10068
9168
12315
4216
2188
2720
302
909
433
4714
7809
10799
1200
15062
2787
7196
3350
27411
23821
454
2309
2177
9146
35457
6670
6407
7919
3259
5145
17793
1628
26440
1965
7306
18032
323
22081
4330
1014
2990
5091
1181
37382
329
942
4563
2198
9701
17415
7540
7020
15241
8938
7585
369
9092
4381
35616
2186
5942
23814
95
14392
6657
14752
218
2601
11959
3111
13135
12038
10914
5797
8143
3544
409
10038
1796
2507
3058
7251
5799
4166
26915
5497
15
163
24995
34769
6074
14943
6025
563
3968
14957
4258
3779
2105
1566
16808
13606
3206
27478
10106
18525
3534
7159
9096
7229
12434
22959
37743
11239
23877
4691
5
19765
5555
153
1945
6861
2077
21064
14877
16618
3671
35246
2310
1987
14074
3475
3212
19851
1635
24055
2764
695
38006
12573
4957
665
28811
6966
25326
4001
14443
2506
17132
14267
5639
242
1207
12331
22418
1419
6779
2258
4889
1680
18373
19947
12709
6686
5136
11696
5961
13148
4254
36495
6020
15460
3997
2929
3602
9561
5572
2184
25030
132
866
24859
22246
7524
10459
16222
5894
10386
52296
12974
15465
737
4363
6621
6709
30695
4091
7337
3406
7420
4550
3477
15423
21272
8259
4558
1745
5748
4951
4946
31007
560
2183
10184
4447
1555
2751
6111
16549
13530
29248
13287
16517
21947
20468
1978
17514
2785
17009
20905
25737
13737
16048
14506
5392
39758
15439
1548
9043
5789
214
4873
5861
11488
37016
7796
13712
20571
10790
13787
5239
8209
33748
1553
13179
16600
12788
2043
3587
11615
2726
10931
6886
16489
7355
8009
12981
5988
2207
2228
39228
7154
2678
3467
17187
17299
3010
22039
754
6069
12114
3374
5111
14161
31202
22486
8496
2712
6620
33440
2158
21548
12163
5093
484
6662
5450
9972
6287
7197
14895
15849
10774
46275
288
873
3055
1605
15934
2568
8730
488
4263
3855
4393
17616
8092
5352
32320
7300
6561
2491
11936
1803
7779
6314
2640
372
29686
21878
11152
36989
4451
4880
1140
1777
23266
1950
12475
49684
1986
3439
3108
3221
8913
8922
505
14284
593
9658
448
9873
23262
7212
123
3706
14701
13960
26951
407
23491
8541
33827
7158
14719
40
13617
6261
24203
422
11312
18937
8159
449
2669
44567
2486
7801
3173
8677
29994
11979
11510
4581
4845
16210
11992
3329
25927
16879
850
7827
8195
5135
6772
33690
11963
3575
3632
12609
14697
2377
33886
17600
35520
232
13849
20281
14868
20811
43445
2978
1277
11248
8077
13690
22162
99
5657
14438
125
1497
6441
11211
9361
19495
9994
12878
6289
2337
1519
15325
843
12695
1399
5440
16557
7539
10546
3780
124
29749
9805
27811
4173
15701
5283
7009
6035
21819
4993
27512
2371
725
1147
3685
6269
6723
8458
8038
56761
1383
228
18328
9543
380
10736
5571
4878
2693
1708
14318
152
6106
3507
10278
1166
6372
2222
1102
597
2974
1006
4235
14584
14251
6535
5255
4780
28923
36
11679
14685
8662
10385
14125
9143
7312
6260
10972
17050
37074
697
6798
6631
5276
14440
977
5701
7253
2994
28395
833
3750
4434
24037
18838
5400
21679
16231
14673
5030
16689
14604
56522
394
8846
15179
521
321
14916
9373
365
4573
4631
24449
14397
7515
2578
3596
14896
8241
47935
14743
9627
13662
1748
838
15981
2654
20538
164
5028
4003
18979
1218
16266
7181
193
5414
10800
3043
7694
18457
2416
2671
37455
5323
4310
16157
5159
16946
23113
3262
3282
9731
2575
3611
16220
7728
1378
2275
9461
1722
4732
17977
1028
2423
18841
27396
6719
21446
17120
147
19436
18471
10315
8308
5782
5033
6427
11762
2953
5890
15126
265
996
42673
477
12560
2355
9000
3954
5443
2246
8350
6127
36474
3074
5010
19110
9124
61266
11193
12362
1457
7551
11790
4568
9975
15015
6760
21516
8201
4223
10878
2157
7056
49
5193
4944
14822
4412
1804
14164
9546
3056
800
2208
3462
15375
16366
1542
11771
12179
23629
19777
7897
6
21326
2485
561
2776
6919
1040
2836
7239
11564
13027
1671
5773
12072
9305
26276
47248
15470
19876
7537
546
11723
8714
7156
7810
12853
14456
15228
606
1120
178
15294
29293
2903
18443
3197
1686
13596
22834
7425
11649
11623
698
9205
53127
2850
13375
999
5279
7200
20224
3292
9053
2519
13105
494
15094
3008
7830
2770
25193
10563
3794
956
2656
6378
2058
9705
3042
20363
12592
14226
10472
2234
20974
10002
1676
997
10592
4742
4770
5438
2742
310
22377
32580
1005
1908
9761
9753
3941
9769
1470
2959
33752
2149
15273
1597
1223
7153
4576
8032
1322
26462
14696
121
29943
14495
15835
119
2803
3827
2078
1937
5752
5025
7245
6954
13909
9717
6914
38
8930
578
32554
9087
6953
17011
18524
234
20286
2750
30833
1101
4847
6617
16667
3183
3213
3639
7376
10381
19969
12835
20567
1317
1770
1940
8728
1463
6154
3729
4309
2535
20584
221
3658
6639
11149
25595
12801
6100
9213
1520
1361
1636
3530
2068
28468
6066
4482
887
5218
8863
4277
15047
34614
16937
7581
3981
6947
7573
9047
574
9906
3678
20467
261
6505
6895
3857
8027
11137
9725
6734
2298
5281
11643
23350
1690
14475
19171
46
464
4017
4185
16420
233
5001
16400
3026
13809
8231
1926
2779
6422
6483
16121
11280
29330
10287
31164
2822
6204
11435
2815
18788
16730
36736
4241
26682
970
8419
16299
1339
9651
727
16740
5409
621
12511
9958
960
30970
17098
11926
366
2064
18631
8777
1549
98
32326
21364
2212
9817
8576
5231
540
4416
33017
16486
11390
14551
6629
30649
26650
1924
6736
7724
5377
207
11138
1755
2958
12710
240
7721
2954
11663
33367
1746
2489
6323
8837
1622
18565
12333
2394
140
7712
260
542
2172
9190
4950
28239
4926
13124
5517
5991
7818
19543
11345
14912
14337
2494
27112
22146
1915
13106
23885
17036
27621
9493
11918
3650
5652
19206
5208
23461
2518
945
11982
11371
285
2832
14315
13529
3837
8828
14040
18236
5666
8672
30164
5575
22950
4629
2030
4795
6402
6194
5749
22541
3366
1662
20197
18996
14876
3148
9238
8107
7488
4942
13
17137
14378
1643
17108
26427
1606
3038
4245
455
9905
813
5021
12486
4179
1261
25313
3152
8648
2612
26018
670
15650
12942
5994
8470
14653
4911
3136
11287
822
1730
880
4272
4145
7047
2190
20920
10100
16952
8560
7667
3291
19228
7988
4858
258
16993
1655
8026
11952
6714
12767
1210
18935
24310
5421
9614
12586
23630
11112
2341
1488
20312
6232
14586
11489
21211
17716
5346
12262
8151
1011
26519
3483
12245
2747
28537
28764
49813
8630
10683
12438
6190
23005
1550
201
967
20270
6391
1799
10372
8206
6209
2460
3903
7182
7242
10854
1189
3955
5475
38152
1681
608
27070
6131
13619
47044
4257
3096
33066
2033
2218
238
17702
7046
6231
408
7456
4104
24114
5742
20358
75
15488
1286
2774
8108
367
1316
23781
24024
1105
2745
878
1584
12316
1034
144
5394
14734
16003
58732
1601
5834
3676
3466
11967
922
59010
46470
16334
8411
19290
6622
3598
3978
16896
4642
377
6358
3510
12228
9139
9198
3853
44729
189
1033
906
2055
10810
1829
3609
1824
3931
6211
18130
14248
17994
3873
403
8335
3223
3726
8142
5787
1353
5317
10331
8603
33376
4843
14333
17016
21799
12113
9920
8968
16560
6254
8825
2780
5927
10210
6186
3179
829
289
16659
3422
452
11319
11941
12263
2512
16399
4039
23016
11724
5459
6411
49926
11719
9229
4842
5019
6615
11381
5224
3267
4033
5417
2539
1346
55293
130
26349
3922
20250
15517
6584
283
7613
8949
4499
28722
19179
12439
5426
3496
5307
5808
393
12929
533
6012
22803
17393
20805
12589
3604
5102
983
675
10011
1158
18907
13123
5967
6694
2986
6771
14218
16203
4389
1141
5685
552
3092
5973
1388
34097
8650
22171
962
898
1992
2449
54
27836
32225
18041
3844
16706
1928
559
2625
1851
3699
12234
12019
679
7350
3294
511
19715
11431
3368
8150
19900
7309
4143
4657
20422
740
13699
13478
23681
1492
9110
3679
2086
12946
1023
837
1328
6240
3542
28393
644
5715
5695
16741
9077
10530
2650
8406
12336
9379
20313
23117
35264
9935
12032
753
9679
5195
11279
22912
4524
10696
17023
9477
19872
10280
15225
6768
20562
7859
537
12501
1468
16397
39401
19927
15167
5827
16920
5448
10150
3454
10114
15076
13301
19108
2230
7871
15705
11610
10778
3000
36079
4561
63412
7598
12232
2380
5387
538
3373
8173
3759
12831
4425
910
9041
4137
12790
1798
3328
29221
2239
4580
1211
15776
946
6357
10569
4886
6994
23852
9971
11913
22425
15334
306
20228
4518
23909
5211
5911
10178
846
4913
17045
504
2428
8469
4674
15894
802
9736
5809
434
948
19410
1871
5580
5158
4326
22994
29106
885
12807
2274
5157
7922
40123
17499
2384
8757
13602
2243
4477
9559
2922
35816
9760
338
13104
17777
4008
1215
15055
1331
439
10441
793
8883
2237
6462
7190
2262
40809
8360
10579
1661
6848
58
21820
19
11609
1407
9184
13610
7929
21208
309
21660
868
11099
7331
7850
4954
8444
15713
438
3502
32544
6500
2571
10843
19151
3675
3003
19667
9874
3566
6394
14641
4941
23201
786
4920
6135
655
12614
12774
2328
757
15113
2488
545
8202
2427
6173
643
13249
7069
1743
3441
12323
342
6878
4970
5240
184
10126
30495
625
5337
8102
3659
22653
9240
11229
7553
8069
5046
6015
2038
15811
19201
4037
4808
12119
21287
6444
736
29658
13313
4481
29480
2918
10858
2707
7862
3209
2007
10132
795
21417
4902
4936
14654
2608
13308
2581
3925
7305
38111
11262
15480
24383
31831
2069
4728
4404
21694
2425
4776
12872
22675
9005
14357
3616
29116
19646
7741
716
349
13944
1412
1425
877
9209
15837
243
1051
322
16514
12482
1135
3829
11682
4547
10359
15941
12162
9932
25801
30413
586
5900
3089
4998
19249
3715
257
4597
8052
7042
10776
3276
3674
5500
14883
8498
4422
10840
4288
12737
1002
22613
368
3755
25660
2898
12973
3081
1367
1613
42015
7421
3749
4085
3399
4616
8724
24154
6642
2168
11412
237
2542
8772
2660
28745
13623
3073
32728
5712
1055
807
2229
7696
975
2185
3862
16130
2670
5084
17541
5875
15545
6817
18656
275
7755
7414
9552
1
9470
3296
16178
8880
2356
3621
614
1202
9232
7224
28147
9018
16087
5537
5167
23906
6383
1788
8417
3803
19465
3316
17176
18415
7648
1828
2244
9384
312
15606
9979
876
1578
13276
31344
4673
8815
1205
3147
5048
18044
12778
849
13120
2694
5784
3594
8345
5155
2147
30982
784
11669
9199
592
2609
2332
116
35250
2165
259
4934
6136
5756
2250
11784
14651
1610
6038
5601
12561
4747
6644
27201
3899
40883
5857
9054
2737
23330
5846
3062
16043
3266
3890
3824
219
9755
12169
8053
5150
17789
2993
14246
16110
550
7543
3871
17597
12055
1324
739
7010
7854
21435
65518
2103
7590
1437
27945
4421
6589
31671
133
6449
1588
9534
2343
7097
145
12000
13908
10711
236
8011
7067
21065
15948
9113
9176
11654
5161
5493
1046
3417
3522
8176
34699
33356
15407
4850
19429
23511
9115
401
200
5451
4151
4270
4251
11870
5770
32797
12899
3256
5437
1729
9698
2982
6086
10515
1917
30921
12848
11629
49178
11710
2174
2810
15158
2703
33404
5457
16067
20097
1176
1819
1465
1860
1742
14063
10365
5428
386
39738
1558
7168
5057
13873
6507
4888
17082
3418
17035
8613
15386
10523
23510
73
9052
22862
10995
4765
1678
12390
4686
31610
1460
8382
986
10978
8443
17364
14753
5783
9816
3134
14631
5853
12081
7748
8096
9830
11576
7390
4529
551
5655
14098
1201
519
5926
7465
2480
927
2610
16945
27914
23794
12195
17337
22306
4470
12826
10323
43499
7945
539
14815
729
1891
16633
10903
7700
2919
2389
4789
10729
15659
1248
4256
6718
7180
12950
48719
1228
6152
2256
13951
12954
7746
33956
7238
22978
31832
5684
18773
12485
40837
1224
1314
32611
11521
14467
294
16196
14844
12194
990
4475
11202
4875
93
3484
7628
5786
2585
24340
14005
796
13203
730
10521
17956
19332
118
2039
13916
24927
2865
12045
10200
45514
26578
15871
7768
6696
4626
19606
4230
8290
10874
5816
9837
149
5166
2736
15929
35522
15143
19097
7123
1611
18442
1151
2022
9322
21606
4721
9904
13374
37459
19890
7562
15208
2299
2313
16830
24669
8850
30746
3217
36737
7076
23784
21675
15538
3253
14798
7733
658
9340
6234
1780
12793
14210
18723
11551
1559
11354
416
3332
308
14002
7873
656
6465
15946
3116
10444
1692
3180
11240
9320
22535
19769
8942
6419
223
5996
8265
10088
5499
3327
12122
17245
1913
2107
8617
58631
7558
33189
230
16826
16722
4349
5897
4653
6845
3938
7269
21785
7209
424
30723
10186
20042
16265
32
6703
15571
735
18123
1599
8577
2802
1600
332
4585
11046
22778
4080
7894
8252
2781
1472
10753
72801
12768
10245
23110
27813
2216
10829
7976
1284
8306
3280
4023
1834
22660
2970
7518
16783
4013
7813
27622
165
6216
7544
5737
15134
5374
610
798
4493
18828
1025
40799
1592
32287
16147
11607
17419
13827
179
6619
7583
646
7802
6968
8405
10171
9526
5268
37935
11291
23966
13531
1445
14359
1060
2087
1511
2112
5739
17656
16502
21098
1691
4927
2286
41663
6707
4772
4940
14741
17189
43530
9249
21822
1758
33435
7702
14669
5468
13666
1989
10010
12367
330
13144
2627
8298
404
9524
16066
660
1509
5709
13278
1238
6635
215
10091
8737
5662
21503
10252
5299
6518
17904
19205
2154
5704
11429
35768
15514
91
816
672
6665
8288
4610
4357
1373
16438
10980
1806
5364
2789
19098
3519
9457
5650
3785
2407
9475
8365
12969
1118
1979
55
5776
405
25652
2933
10754
2547
2141
7742
8348
3395
2659
7446
1219
2437
15182
3095
12948
19985
11455
2682
21324
18550
5873
16396
14968
4464
17552
13320
13253
3019
12928
6093
9863
14029
13112
3627
19458
20234
15760
17549
9214
19125
892
